0.0055 0.1545
0.0038 0.1301
0.2130 0.0720
0.2687 0.0765
0.0599 0.1044
0.7588 0.0719
0.0001 0.1718
0.0454 0.1063
0.3754 0.0848
1.8322 0.0528
0.0023 0.1377
2.6126 0.0222
0.0132 0.1253
0.2024 0.1074
0.1445 0.0915
0.0315 0.1252
0.0010 0.1559
0.1071 0.0991
0.1754 0.1060
0.0736 0.1290
0.0067 0.1378
6.1588 0.0530
0.0269 0.1088
0.1412 0.0886
0.0039 0.1446
0.0000 0.1873
0.0090 0.1445
0.3260 0.0822
2.5101 0.0510
0.0020 0.1400
0.5367 0.1331
0.0876 0.0931
0.8132 0.0908
0.4513 0.1369
0.0354 0.1041
9.4691 0.0365
8.4689 0.0186
0.0046 0.1414
0.0457 0.1200
0.3677 0.0774
0.1323 0.0942
0.0533 0.1056
0.0094 0.1381
1.5402 0.0687
0.0026 0.1426
0.9862 0.0724
0.0575 0.1215
0.0299 0.1100
0.2127 0.0850
0.0010 0.1568
0.3628 0.0755
0.4771 0.0953
2.5438 0.0558
0.0000 0.1822
0.0005 0.1524
0.0124 0.1303
0.4705 0.1797
0.1380 0.0887
3.7898 0.0581
1.3116 0.0500
0.0001 0.1849
0.0810 0.0911
0.0000 0.1937
0.0100 0.1307
0.0012 0.1518
0.0331 0.1135
0.1405 0.0948
0.1024 0.0976
0.5990 0.0921
0.0848 0.1029
0.0000 0.1822
0.0145 0.1290
0.0019 0.1421
0.8641 0.0760
16.8475 0.5141
0.0077 0.1234
0.0051 0.1369
0.1091 0.1096
0.0048 0.1310
0.3289 0.0655
0.7386 0.0638
0.1163 0.0965
0.0473 0.1185
0.0310 0.1206
5.7626 0.0687
2.2595 0.0243
8.1438 0.0198
0.2826 0.0848
37.4182 0.0105
0.0256 0.1162
0.0073 0.1341
0.3528 0.0844
0.0008 0.1497
0.0035 0.1449
0.0009 0.1456
0.0568 0.1140
0.0317 0.1040
0.0027 0.1362
0.5969 0.0623
0.2559 0.0830
29.7526 0.0126
0.0168 0.1142
0.0949 0.1230
0.0000 0.1942
0.0001 0.1682
0.0070 0.1405
0.9134 0.0605
0.1902 0.1196
0.0019 0.1491
0.0071 0.1294
0.1059 0.1165
0.0000 0.1822
20.5657 0.0072
14.9393 0.0244
0.0005 0.1569
0.1154 0.0957
0.1418 0.0991
0.1948 0.0856
6.6350 0.0257
0.0757 0.1050
1.1419 0.0550
0.5900 0.0991
0.0686 0.1170
0.2287 0.1399
2.6699 0.0328
0.4134 0.0740
0.0111 0.1237
0.7322 0.0844
0.1748 0.0894
3.5202 0.0456
0.1615 0.1103
0.5039 0.0842
0.3026 0.0689
0.0000 0.1769
0.0617 0.1154
0.6603 0.0656
5.7857 0.0534
0.8834 0.0647
0.1273 0.0984
0.0231 0.1154
0.1689 0.0946
0.0484 0.1167
0.0017 0.1499
0.0128 0.1265
0.2217 0.0936
1.9716 0.0722
0.0021 0.1418
0.3258 0.0813
0.4330 0.0611
0.1465 0.0963
0.1448 0.0861
0.0707 0.1164
0.5842 0.2128
0.0742 0.1094
0.0030 0.1462
0.0240 0.1211
1.3471 0.0806
0.5063 0.0605
0.3170 0.0786
0.0009 0.1554
0.0316 0.1205
0.0014 0.1485
0.3827 0.0856
0.0047 0.1375
0.0476 0.1065
0.0192 0.1302
0.9420 0.1096
35.7500 0.0191
0.2225 0.1069
0.1411 0.0900
1.2188 0.0600
0.0007 0.1496
0.0000 0.1873
0.0009 0.1507
0.1092 0.0950
0.0000 0.1908
1.6815 0.0544
0.0001 0.1754
0.2142 0.1032
0.1982 0.1045
0.1300 0.0938
13.9311 0.0330
0.1115 0.1020
0.0002 0.1638
0.0057 0.1335
0.0201 0.1289
1.5206 0.0538
0.0011 0.1540
0.5157 0.0836
0.1231 0.1009
0.0004 0.1685
0.0038 0.1379
0.0014 0.1544
5.6005 0.0298
0.0005 0.1617
0.0064 0.1442
0.0120 0.1236
0.5023 0.0606
0.0197 0.1185
0.0137 0.1192
0.0187 0.1236
0.0904 0.0990
0.1155 0.1191
0.0017 0.1542
2.5893 0.0461
4.0155 0.0368
0.6627 0.0772
0.0000 0.2002
0.8496 0.0575
0.0890 0.1163
0.0053 0.1418
0.1535 0.0834
1.2826 0.1720
0.0004 0.1602
1.4408 0.0625
0.5050 0.0792
0.0409 0.1054
4.0093 0.4550
0.1390 0.0780
0.0101 0.1301
0.0090 0.1227
0.0068 0.1387
0.0033 0.1472
0.0049 0.1272
1.0246 0.0832
25.3152 0.0143
0.0395 0.1160
0.0039 0.1326
2.4465 0.0694
0.0067 0.1344
0.5287 0.0568
0.3115 0.2043
0.6344 0.0702
10.7277 0.0395
6.8180 0.0447
8.0066 0.0325
0.0000 0.1841
0.0754 0.0889
0.2851 0.0844
0.0289 0.1173
0.0061 0.1547
0.0170 0.1237
0.1870 0.1000
0.3981 0.0578
0.0044 0.1401
0.0008 0.1586
0.0059 0.1302
0.0136 0.1257
0.0136 0.1182
19.1784 0.0067
2.5796 0.0522
21.5308 0.0096
0.6628 0.0819
0.0270 0.1340
0.0077 0.1245
0.5229 0.0832
0.0003 0.1604
0.6397 0.0872
0.0137 0.1230
0.0055 0.1301
0.0386 0.1136
0.0238 0.1216
0.0807 0.1050
0.1980 0.0828
0.0001 0.1748
0.0234 0.1245
0.0032 0.1415
0.2478 0.0763
0.5668 0.1142
0.0002 0.1684
0.0024 0.1768
0.0067 0.1277
0.0139 0.1376
0.2576 0.0897
0.6466 0.0664
0.0334 0.1185
33.8738 0.0085
32.3060 0.0107
0.0028 0.1404
0.2517 0.0828
15.2486 0.0391
0.0003 0.1636
0.0028 0.1340
0.0054 0.1387
0.0063 0.1259
0.0730 0.0982
0.2505 0.0816
1.3757 0.0462
0.0796 0.1038
0.8294 0.0676
0.0406 0.1024
0.3397 0.0779
0.0000 0.2102
0.0015 0.1458
0.0095 0.1360
0.0545 0.1248
2.7578 0.0693
0.7691 0.0750
0.0423 0.1228
0.9175 0.0817
0.5635 0.0557
5.0327 0.0372
5.1428 0.0375
0.0016 0.1521
0.8638 0.0538
0.0000 0.1840
0.0783 0.1017
0.0001 0.1756
5.0401 0.0420
1.4033 0.0478
0.1356 0.0822
0.0006 0.1586
0.0458 0.1115
0.0000 0.2169
3.2508 0.0408
1.4378 0.0579
0.0001 0.1846
0.0478 0.1112
0.4706 0.0830
0.0115 0.1190
41.6246 0.0026
25.9896 0.0168
0.4566 0.0886
0.0335 0.1200
0.0112 0.1186
0.0080 0.1503
0.6199 0.0727
0.0183 0.1213
0.1521 0.0799
9.8373 0.0588
0.0006 0.1608
0.0757 0.1019
0.0079 0.1252
1.2793 0.0583
0.0504 0.1073
0.0514 0.1124
0.7056 0.0615
0.0403 0.1124
1.8296 0.0766
0.0005 0.1522
0.0023 0.1362
1.3994 0.0335
7.3450 0.0177
0.7910 0.0832
0.1209 0.0906
0.0511 0.1143
0.0053 0.1287
0.2518 0.0950
0.0405 0.1143
0.0095 0.1355
0.0003 0.1600
0.0028 0.1421
1.5063 0.0722
1.0138 0.0767
0.1173 0.1532
0.0000 0.2301
0.0803 0.1011
0.2068 0.1070
0.1199 0.1019
0.0021 0.1454
0.7200 0.0623
0.0723 0.1036
0.0018 0.1426
0.4891 0.0488
0.0561 0.1085
0.0164 0.1271
0.0521 0.1111
0.0110 0.1287
2.2708 0.0514
1.1058 0.0582
0.2822 0.0691
0.2779 0.0734
0.0887 0.1172
10.6957 0.0166
0.0030 0.1405
0.0000 0.2266
0.0015 0.1514
1.0142 0.1104
0.0000 0.1895
0.0006 0.1512
0.0673 0.1145
0.3532 0.1417
0.1324 0.1013
0.0000 0.2036
0.0261 0.1078
3.5308 0.0225
0.0379 0.1079
0.0312 0.1051
0.3951 0.0867
0.0064 0.1318
0.0287 0.1182
0.0026 0.1371
0.0160 0.1226
0.0587 0.1027
1.0207 0.0826
6.2922 0.0196
0.1088 0.0962
4.8472 0.0374
0.3175 0.0628
0.0482 0.1129
0.0643 0.1167
0.6055 0.0470
0.0099 0.1332
1.8211 0.0523
0.0782 0.0960
0.0000 0.2027
0.1951 0.0877
0.0013 0.1522
0.0002 0.1712
0.0206 0.1118
0.0720 0.1142
0.1648 0.0766
0.0000 0.2005
0.0000 0.1874
0.0002 0.1726
0.1546 0.0989
0.0000 0.2008
0.0048 0.1422
0.0012 0.1520
0.0035 0.1381
0.0947 0.0950
0.0342 0.1081
0.0153 0.1247
0.0000 0.2066
0.0189 0.1393
0.0005 0.1592
1.0106 0.0761
0.0018 0.1507
0.0296 0.1127
0.0008 0.1623
0.0178 0.1202
0.0013 0.1550
0.0007 0.1520
25.7973 0.0238
0.0000 0.1815
2.1334 0.0601
0.0408 0.1122
0.4704 0.0798
15.1435 0.0180
5.6490 0.0304
3.4460 0.0425
0.0123 0.1167
0.0056 0.1422
0.0472 0.1130
9.0081 0.0295
0.0011 0.1491
0.1329 0.1096
0.0043 0.1374
0.0014 0.1477
0.0000 0.2061
0.0098 0.1360
0.7474 0.0603
0.1111 0.1028
0.0171 0.1116
0.0000 0.2094
0.0000 0.1847
0.0046 0.1463
0.4634 0.0766
0.4139 0.0846
0.0002 0.1692
0.0004 0.1619
0.0000 0.1997
0.0002 0.1612
0.0317 0.1234
0.0837 0.0965
0.0005 0.1547
1.4092 0.1969
0.0000 0.1859
0.0140 0.1253
1.1277 0.0760
0.7191 0.0854
0.0804 0.1081
0.4403 0.0539
0.0000 0.2271
0.0067 0.1571
2.4060 0.0145
0.0052 0.1496
0.0000 0.1815
0.0003 0.1709
0.2379 0.0887
0.0499 0.1150
0.0703 0.1058
0.0577 0.1101
0.0051 0.1436
0.4641 0.1183
0.0070 0.1403
0.0025 0.1445
0.5731 0.0767
0.1660 0.0924
0.0001 0.1790
0.0002 0.1708
0.0205 0.1105
0.7282 0.0518
1.0679 0.0443
0.2250 0.0870
0.0034 0.1342
0.0638 0.1172
0.0000 0.1919
0.5313 0.0779
0.0075 0.1338
1.1303 0.0683
0.0202 0.1158
0.0206 0.1600
1.2813 0.0714
0.0000 0.1896
0.0063 0.1299
0.0265 0.1194
5.5378 0.0305
0.0002 0.1899
0.2707 0.2224
0.0000 0.1777
0.0076 0.1252
0.0016 0.1416
0.0000 0.1903
3.6190 0.0227
0.0180 0.1260
2.2736 0.0669
0.0576 0.1070
13.0619 0.0275
0.7903 0.0699
0.1192 0.1081
0.0000 0.1938
2.5908 0.0495
0.4635 0.0825
0.0031 0.1442
0.6748 0.0625
0.2696 0.1096
0.6934 0.0684
0.0002 0.1666
0.0745 0.1054
0.0041 0.1365
0.0101 0.1313
0.0344 0.1130
0.0318 0.1026
0.0293 0.1185
1.0774 0.0665
0.0004 0.1561
0.1149 0.1041
4.8921 0.0259
0.0334 0.1212
7.2817 0.0256
2.2585 0.0608
0.0000 0.1889
0.0043 0.1452
0.0127 0.1283
0.0062 0.1357
0.0024 0.1362
0.1872 0.1231
0.0127 0.1245
0.4550 0.0925
0.7172 0.0742
0.0006 0.1620
0.7393 0.0657
0.0377 0.1271
0.0238 0.1101
2.6773 0.1316
0.0001 0.1728
0.1822 0.1013
0.7078 0.0496
0.0000 0.1804
0.0008 0.1573
1.2311 0.0604
0.6468 0.0440
0.0003 0.1663
8.3707 0.0155
0.0183 0.1169
0.0569 0.1045
0.3412 0.0820
0.1179 0.0890
0.0099 0.1310
0.0012 0.1451
0.0064 0.1286
0.0002 0.1697
0.0003 0.1660
1.3583 0.0485
0.6109 0.0750
0.0464 0.1118
0.4095 0.0764
0.0077 0.1355
1.6522 0.0599
0.0120 0.1289
4.5523 0.0480
0.0000 0.1836
0.0000 0.1767
0.0494 0.1168
0.0118 0.1241
0.0001 0.1754
0.3066 0.1207
0.0231 0.1135
1.9177 0.0545
0.0193 0.1236
0.3096 0.0845
11.0885 0.0220
0.0001 0.1726
0.1790 0.0906
0.2132 0.0724
0.0019 0.1394
1.0590 0.0544
0.0006 0.1587
0.0062 0.1423
0.0045 0.1331
0.0044 0.1318
0.0264 0.1148
0.0001 0.1762
0.1720 0.0948
0.0004 0.1607
0.4514 0.0845
0.0077 0.1216
0.0000 0.2087
0.0002 0.1716
0.0505 0.1090
0.0002 0.1685
0.0003 0.1629
1.7638 0.0687
0.4668 0.0620
0.2163 0.0836
0.0000 0.2273
0.0206 0.1294
0.2475 0.0684
0.0012 0.1517
0.1782 0.0922
0.0020 0.1452
0.0183 0.1176
0.0075 0.1461
0.0278 0.1167
0.0029 0.1363
0.0866 0.1066
0.2985 0.0852
0.1596 0.0813
0.0003 0.1610
16.1247 0.0083
0.0786 0.1021
9.3121 0.0324
0.1044 0.1017
0.2996 0.0855
0.0000 0.1934
0.0144 0.1359
0.0024 0.1420
0.0000 0.1956
0.0300 0.1147
3.9224 0.0359
0.0110 0.1257
0.0525 0.1076
0.0346 0.1046
0.0508 0.1002
0.1245 0.0919
0.0010 0.1447
0.0000 0.1829
0.0290 0.1113
4.3851 0.0382
0.0025 0.1376
0.0009 0.1551
0.0018 0.1478
0.0407 0.0988
0.0405 0.1085
1.1588 0.0710
0.0001 0.1748
2.0952 0.0516
0.2286 0.0775
41.6585 0.5396
0.1611 0.0842
1.0917 0.0522
8.8713 0.0817
0.1301 0.0874
0.0195 0.1199
0.1174 0.0835
0.0549 0.0942
0.0253 0.1181
1.2915 0.0345
5.7558 0.0262
1.9716 0.0580
0.1065 0.0882
0.1411 0.1030
0.0304 0.1248
0.0000 0.2146
0.0012 0.1518
0.2115 0.0709
0.2923 0.0737
0.3850 0.1097
0.1625 0.0826
3.7997 0.0541
0.2357 0.0854
1.4051 0.0735
0.0000 0.1925
0.2233 0.0679
6.0254 0.0106
0.0250 0.1195
0.7073 0.0647
0.0200 0.1231
0.0122 0.1299
0.0096 0.1370
0.0005 0.1560
1.5072 0.0291
0.0045 0.1300
0.6687 0.0722
0.1596 0.1048
0.1717 0.1035
0.0592 0.1146
0.0055 0.1420
0.1711 0.0937
0.1416 0.0929
0.6423 0.0722
0.0106 0.1178
0.0175 0.1138
0.0256 0.1090
0.1083 0.1023
0.0057 0.1299
6.4419 0.0325
4.7101 0.0489
0.0002 0.1715
0.8146 0.0729
0.0016 0.1440
0.0027 0.1485
0.0704 0.1040
39.7900 0.0125
0.4857 0.0770
0.0000 0.1826
0.0001 0.1796
0.0509 0.1142
0.0008 0.1543
0.7297 0.0569
0.0025 0.1363
0.3800 0.0674
5.6956 0.0384
0.1203 0.1047
0.0003 0.1645
0.0536 0.1077
0.6827 0.0646
0.0468 0.1147
6.6840 0.1592
0.0072 0.1281
0.2433 0.0935
0.0000 0.1955
0.0167 0.1325
0.0002 0.1737
0.0791 0.1241
0.1386 0.0936
0.0007 0.1579
0.2047 0.0925
4.9479 0.0308
0.2589 0.1067
0.0043 0.1444
1.1912 0.0695
1.2640 0.0739
0.2150 0.0964
0.1288 0.1519
0.0214 0.1232
0.0433 0.1010
0.6980 0.1079
0.0187 0.1166
0.0006 0.1623
0.0386 0.1088
0.0741 0.0961
0.0002 0.1685
0.5287 0.1351
0.0073 0.1292
0.0102 0.1315
0.0133 0.1223
9.2640 0.0406
4.0403 0.1325
0.1596 0.0845
1.3168 0.0805
0.0002 0.1637
0.0189 0.1273
0.0050 0.1446
0.7172 0.0673
0.1913 0.1103
0.0594 0.1090
0.0331 0.1130
0.2220 0.0846
0.0020 0.1466
0.0090 0.1247
0.0264 0.1119
0.0016 0.1479
0.0163 0.1182
0.0030 0.1501
0.2021 0.0990
0.0012 0.1503
0.0435 0.1120
0.4501 0.0766
0.0136 0.1377
0.1088 0.1101
0.0056 0.1401
0.3976 0.0851
0.0914 0.1177
0.0615 0.1038
0.0016 0.1584
0.2507 0.0651
0.0058 0.1407
0.0024 0.1367
0.8515 0.0630
0.0297 0.1237
0.1127 0.1092
0.1860 0.0775
0.0060 0.1360
0.6623 0.0362
0.0871 0.0991
0.0126 0.1215
0.4014 0.0851
0.6075 0.0758
0.0053 0.1424
0.1095 0.0978
2.8612 0.0436
0.6077 0.0808
0.0440 0.1124
0.0102 0.1310
0.0842 0.1082
0.1084 0.1025
0.0001 0.1768
0.1756 0.0771
0.0010 0.1547
0.0199 0.1502
0.0043 0.1428
0.2905 0.0906
0.0110 0.1295
0.0015 0.1451
0.0161 0.1213
0.0000 0.1807
33.5941 0.0137
11.4317 0.0150
0.1159 0.1055
0.0017 0.1461
0.7214 0.0934
0.7829 0.0882
0.1988 0.1561
0.0098 0.1331
0.0001 0.1646
0.0451 0.0970
0.8657 0.0732
0.1643 0.1440
0.9215 0.0539
0.0162 0.1185
2.2518 0.0307
4.4849 0.0595
0.0425 0.1165
1.5148 0.0447
0.0036 0.1460
0.5908 0.0775
7.5815 0.0194
0.0002 0.1715
0.1343 0.0929
23.7747 0.0142
0.2968 0.0853
0.1086 0.1121
0.0116 0.1275
0.0012 0.1497
0.0140 0.1181
0.0289 0.1232
7.7179 0.0436
0.0012 0.1519
1.3416 0.0483
0.0006 0.1518
0.1100 0.0875
0.1293 0.0958
0.0875 0.1039
0.0000 0.2212
0.0098 0.1386
0.0059 0.1390
0.5669 0.1082
0.1484 0.1176
0.0389 0.1015
0.2592 0.0852
7.6355 0.0405
23.8437 0.0088
1.4887 0.0701
0.0396 0.1220
0.0049 0.1366
1.7683 0.0347
2.2247 0.0520
0.0006 0.1559
3.1877 0.0599
0.0700 0.1357
0.0566 0.1146
0.5461 0.0937
0.0146 0.1155
9.2737 0.0314
2.4474 0.0412
0.1121 0.0984
0.0001 0.1752
0.0004 0.1675
0.0451 0.1135
0.2893 0.0862
0.0732 0.0949
0.0528 0.1004
0.0003 0.1743
0.0096 0.1232
1.2713 0.0665
0.2212 0.0677
0.0004 0.1579
0.9085 0.0295
0.2714 0.0792
0.1203 0.0997
0.0048 0.1347
0.0644 0.1142
0.0274 0.1265
0.0000 0.2402
0.0017 0.1430
0.0010 0.1547
0.0173 0.1110
0.2489 0.0982
0.3081 0.0871
0.0178 0.1129
0.1361 0.1039
0.0221 0.1123
0.0777 0.0990
0.0044 0.1420
0.0406 0.1056
0.6406 0.0645
0.0026 0.1481
0.9690 0.0795
0.2653 0.0796
0.0001 0.1767
0.2008 0.0764
0.0003 0.1579
0.0002 0.1671
0.6251 0.0720
0.0000 0.2189
0.0008 0.1500
0.1203 0.0982
0.0566 0.1088
1.0545 0.0646
0.6627 0.0712
0.0719 0.1034
1.0498 0.0934
0.1448 0.1118
0.0872 0.0888
0.0075 0.1409
0.2433 0.0838
1.2200 0.0573
0.1917 0.0756
0.0066 0.1280
0.0680 0.1124
0.0204 0.1181
0.1157 0.1075
0.1426 0.1054
0.0000 0.2302
0.1859 0.0894
0.9483 0.0646
0.0000 0.1837
0.0007 0.1510
0.0076 0.1284
0.0006 0.1499
0.2082 0.1037
0.7001 0.0749
7.1327 0.0318
0.1574 0.0935
8.1481 0.0367
0.0112 0.1180
0.0000 0.1916
0.1105 0.0998
0.1987 0.1566
0.1121 0.0973
0.0054 0.1355
0.1203 0.0954
0.0038 0.1364
0.0384 0.1188
0.0002 0.1676
17.7775 0.0150
0.1470 0.1040
0.0073 0.1256
0.0000 0.2817
0.1672 0.1038
0.0001 0.1734
2.8255 0.1410
0.1613 0.0902
0.0657 0.1000
0.0133 0.1390
2.4302 0.0579
0.1016 0.0935
0.0037 0.1410
0.0234 0.1306
0.3647 0.0712
0.0024 0.1505
0.6537 0.0463
0.0246 0.1156
0.0006 0.1520
0.2708 0.1158
1.0185 0.0397
0.5987 0.0614
0.0023 0.1417
0.0041 0.1416
0.0256 0.1108
0.6237 0.2385
0.1738 0.0882
0.0050 0.1321
0.4501 0.0812
0.0169 0.1213
1.1616 0.0743
0.0260 0.1230
3.4960 0.0401
0.0001 0.1819
0.0399 0.1107
0.1951 0.0826
0.0121 0.1346
0.0009 0.1475
0.0000 0.2003
36.0821 0.0115
0.0349 0.1191
0.0136 0.1280
0.0441 0.1144
0.2601 0.0985
5.1745 0.0284
1.8859 0.0561
0.0003 0.1643
0.4524 0.1387
0.1342 0.0944
0.0066 0.1305
0.0506 0.1098
0.0204 0.1111
0.0003 0.1682
0.0041 0.1441
0.3560 0.0566
2.8584 0.0297
0.0188 0.1346
0.0701 0.1110
0.0111 0.1261
0.0001 0.1659
0.2145 0.0945
0.0008 0.1539
1.6509 0.0477
0.0512 0.1294
1.0249 0.0685
0.0020 0.1529
0.0727 0.0927
0.0536 0.1132
4.5334 0.0114
0.0110 0.1254
0.6689 0.0812
0.0357 0.1087
1.4358 0.0513
0.0138 0.1217
0.0159 0.1125
0.1454 0.1003
0.4295 0.0660
0.1729 0.0974
0.0742 0.1031
0.1928 0.0887
22.4690 0.0206
0.0007 0.1612
0.0000 0.2071
0.0308 0.1226
0.0023 0.1433
0.2153 0.1048
0.0466 0.1161
0.0069 0.1231
0.0545 0.0950
0.1455 0.1022
0.0002 0.1726
0.0008 0.1584
0.0004 0.1639
2.6724 0.0272
0.5065 0.0625
0.2695 0.0772
0.1994 0.1268
0.4227 0.0756
0.0093 0.1223
0.0846 0.1213
0.0029 0.1409
2.5127 0.0215
0.8400 0.1091
0.0315 0.1207
0.6901 0.0515
0.0358 0.1046
16.3304 0.0120
0.0131 0.1230
27.4428 0.0092
0.0001 0.1705
0.1610 0.1031
1.0693 0.0749
0.1411 0.0864
0.0000 0.1945
0.0184 0.1114
0.2427 0.0959
0.0067 0.1360
0.0026 0.1374
0.6320 0.0599
2.3432 0.0491
1.5805 0.1695
1.9726 0.0221
0.0666 0.1126
0.0093 0.1336
6.0557 0.0398
0.0477 0.1152
0.0001 0.1785
23.6495 0.0100
0.1256 0.1058
0.0704 0.1417
2.0083 0.0452
0.1396 0.0994
0.0352 0.1201
0.1892 0.0796
0.0014 0.1555
0.0290 0.1158
0.0066 0.1395
0.0072 0.1361
0.0035 0.1420
0.1935 0.1003
0.0475 0.1245
0.0000 0.1853
0.0014 0.1549
0.0322 0.1106
0.0194 0.1270
0.0136 0.1212
0.0003 0.1671
4.4152 0.0159
6.2959 0.0307
7.4945 0.0164
1.8103 0.0380
0.2459 0.0781
0.6092 0.0866
0.0005 0.1593
0.0010 0.1451
0.3679 0.1094
0.0194 0.1158
0.0569 0.1167
0.2553 0.0833
0.0806 0.0955
0.2864 0.0878
0.0475 0.1403
0.0218 0.1146
0.1281 0.1119
5.2468 0.0301
0.0023 0.1520
1.0515 0.0690
0.0231 0.1260
0.9591 0.0653
0.0004 0.1598
0.2970 0.0648
0.8386 0.1047
0.2197 0.0836
0.0538 0.1054
0.0004 0.1558
0.0060 0.1386
0.0215 0.1181
2.5882 0.0945
7.6196 0.0314
0.0090 0.1275
0.0341 0.1175
0.0000 0.2013
0.4880 0.0838
15.2607 0.0329
0.0364 0.1212
0.0010 0.1493
0.9206 0.0623
0.0059 0.1303
0.0037 0.1410
0.0086 0.1283
0.0000 0.1998
0.0270 0.1118
1.2201 0.0550
0.0081 0.2036
2.7943 0.0494
0.2744 0.0972
0.7353 0.0548
3.2950 0.0496
0.0001 0.1794
0.9217 0.0766
0.3071 0.1193
0.0093 0.1428
0.0810 0.1014
0.0003 0.1696
2.1121 0.0684
0.5240 0.0541
0.0002 0.1734
0.2656 0.0644
4.3200 0.0302
7.3709 0.0346
0.0000 0.2235
0.0162 0.1271
0.2664 0.0753
0.0001 0.1815
4.5611 0.0208
0.0035 0.1484
0.0018 0.1482
0.2689 0.0895
1.0175 0.0747
6.8233 0.0302
0.4601 0.3030
0.0717 0.1102
0.0262 0.1216
0.0017 0.1465
0.0198 0.1141
0.2828 0.0632
0.2563 0.0738
0.0317 0.1163
4.8542 0.0428
1.1437 0.0756
30.9821 0.0177
26.3217 0.0196
0.0386 0.1038
0.0001 0.1705
0.0500 0.1206
2.2717 0.0665
0.8325 0.0708
1.0194 0.0720
0.0000 0.1839
0.8835 0.0752
0.0418 0.1222
0.0041 0.1395
0.3468 0.1233
6.2609 0.0132
0.0806 0.1003
0.0362 0.1066
0.6484 0.0629
0.0546 0.1071
0.0003 0.1642
28.7583 0.0078
0.0071 0.1294
0.0989 0.1012
0.0139 0.1306
0.0000 0.2017
0.0039 0.1471
0.2723 0.0957
0.0964 0.0891
0.0426 0.1285
0.0476 0.1205
0.3252 0.0859
0.0240 0.1135
0.0184 0.1232
27.6074 0.0126
0.0772 0.0960
0.0011 0.1575
0.0000 0.1815
0.1925 0.1019
0.0151 0.1212
0.0015 0.1429
0.0000 0.1967
0.0030 0.1327
0.0069 0.1386
0.0717 0.1028
0.0356 0.1332
0.0009 0.1461
0.0472 0.1027
0.0016 0.1533
0.0577 0.1201
0.0114 0.1327
4.2296 0.0270
0.3294 0.0727
0.0000 0.1897
0.0766 0.1173
1.2603 0.0581
0.0200 0.1185
9.3880 0.0127
0.1801 0.1484
0.0001 0.1840
0.0056 0.1354
0.0006 0.1638
0.0488 0.1081
0.0085 0.1210
1.0461 0.0232
0.0193 0.1114
0.3161 0.0763
0.0369 0.1139
0.1733 0.0848
0.0786 0.0908
0.0134 0.1230
1.2582 0.0822
0.0002 0.2024
0.5225 0.0771
0.0649 0.0996
0.0000 0.1758
0.0031 0.1471
8.1167 0.0266
0.0001 0.1728
13.8592 0.0247
1.2693 0.0765
1.9061 0.0271
19.7311 0.0241
15.4119 0.0060
0.0315 0.1209
0.4273 0.0580
0.0000 0.2273
0.3948 0.0553
0.2901 0.0819
0.9957 0.1531
2.8430 0.0283
2.4512 0.0298
0.0078 0.1250
5.6923 0.0472
0.1181 0.0911
0.0702 0.1176
0.0256 0.1250
18.3555 0.0168
0.9205 0.0573
0.0005 0.1603
0.0095 0.1394
5.4993 0.0180
0.0286 0.1106
7.9432 0.0141
21.0774 0.0171
0.1532 0.0996
0.0833 0.0965
0.0011 0.1574
0.1905 0.1489
5.0310 0.2667
0.1159 0.0815
0.0033 0.1401
0.2024 0.1014
0.0045 0.1336
0.0388 0.1257
1.2072 0.0409
0.4004 0.1045
0.0002 0.1754
0.0873 0.0964
0.2512 0.1040
0.0027 0.1547
0.0194 0.1165
0.0459 0.1116
0.0065 0.1282
0.1384 0.0887
0.0001 0.1796
5.4220 0.0224
0.0109 0.1345
0.0057 0.1409
0.5517 0.0751
0.0062 0.1469
1.6884 0.0598
0.9533 0.0923
0.0002 0.1648
0.0000 0.1832
0.0079 0.1288
0.0114 0.1328
1.4297 0.0580
1.8410 0.0573
0.0250 0.1168
0.0319 0.1049
0.0629 0.1640
0.0425 0.1074
0.4823 0.0506
9.2747 0.0094
0.1067 0.0905
0.0032 0.1354
0.0736 0.1068
0.4674 0.0966
7.6683 0.0115
1.6763 0.0646
0.0054 0.1402
4.8496 0.0582
0.0005 0.1636
0.0103 0.1231
0.0002 0.1727
0.0000 0.1884
0.1242 0.0955
0.1089 0.0871
1.0190 0.0630
1.7942 0.0267
0.0212 0.1636
0.0069 0.1331
0.4828 0.1538
0.0014 0.1479
0.0011 0.1502
0.0644 0.1174
0.1674 0.0862
0.0126 0.1279
0.0480 0.0965
0.0216 0.1171
0.8302 0.0820
1.7031 0.0931
0.0538 0.1410
0.0140 0.1199
0.0042 0.1335
0.0015 0.1446
0.5594 0.0837
0.3623 0.1395
0.0015 0.1414
0.0351 0.1035
0.1804 0.0751
0.0546 0.1169
1.1112 0.0662
0.0568 0.1045
0.0149 0.1249
0.0005 0.1609
0.2146 0.1655
0.0203 0.1254
0.0029 0.1412
0.0003 0.1607
0.4815 0.0647
1.4448 0.0424
0.0007 0.1487
0.0238 0.1134
2.6807 0.0682
0.0035 0.1439
0.0542 0.1282
0.2387 0.0903
0.0482 0.1015
21.5705 0.0055
0.4510 0.0696
5.1174 0.0242
0.0004 0.1563
0.0751 0.1041
0.2482 0.0770
0.2820 0.0896
0.3104 0.0998
0.0055 0.1350
0.0060 0.1269
0.7832 0.0586
0.0396 0.1053
0.0021 0.1458
0.1258 0.1097
39.2273 0.0121
0.0000 0.2071
0.1661 0.0951
0.0523 0.1026
1.4205 0.0300
0.3455 0.0712
0.0000 0.2001
0.0219 0.1266
19.3247 0.0146
3.4962 0.0493
0.0551 0.1100
33.5159 0.0313
0.0026 0.1499
0.1452 0.1003
0.0173 0.1279
1.6046 0.0716
0.0274 0.1505
1.7575 0.1118
0.0030 0.1470
0.0784 0.0891
0.0790 0.0953
0.0018 0.1393
0.0002 0.1642
7.4805 0.0150
1.8876 0.0683
0.0242 0.1112
0.0000 0.1993
0.1004 0.1033
7.4826 0.0492
6.8845 0.0257
0.0108 0.1186
0.1410 0.1096
0.5283 0.0780
0.0362 0.1045
0.2444 0.1287
0.0516 0.1190
0.0060 0.1393
0.0143 0.1203
0.0061 0.1397
0.5246 0.0707
1.1387 0.0727
0.0079 0.1395
1.9273 0.0648
0.1100 0.1057
11.4634 0.0249
0.0370 0.1079
11.2886 0.0180
0.0657 0.1103
0.0282 0.1134
0.2907 0.0765
2.0555 0.0429
0.0447 0.1075
0.0006 0.1595
0.2978 0.0652
0.0015 0.1421
0.2421 0.0857
0.0054 0.1286
4.7482 0.0237
0.0057 0.1353
1.7695 0.0520
0.0034 0.1372
0.0294 0.1135
0.0014 0.1549
0.6579 0.0896
0.0425 0.1095
0.0230 0.1245
0.0035 0.1439
0.1097 0.0984
0.1101 0.0913
0.0037 0.1332
0.0034 0.1419
0.1233 0.0922
0.0005 0.1581
0.0929 0.1003
0.0106 0.1287
0.1939 0.0981
0.0055 0.1319
0.0719 0.0899
0.0001 0.2049
0.0000 0.2144
0.0001 0.1840
0.2198 0.0932
0.0000 0.2042
0.4729 0.0654
0.0039 0.1502
4.8389 0.0373
0.0378 0.1052
0.1633 0.0863
10.3621 0.0351
0.0324 0.1134
0.0635 0.1005
0.0007 0.1631
0.0155 0.1255
3.2437 0.0455
1.8575 0.0593
0.5347 0.0711
11.7533 0.0594
0.0007 0.1580
0.4850 0.0645
0.1123 0.1130
0.0039 0.1357
0.0027 0.1356
0.0816 0.1167
0.0607 0.1091
0.0071 0.1326
0.0225 0.1225
0.1297 0.1068
1.7297 0.0570
1.9102 0.0515
0.0405 0.1154
0.0208 0.1203
0.1067 0.1054
0.0413 0.1077
0.0047 0.1344
0.9538 0.0685
0.0769 0.1010
0.1511 0.0929
0.0134 0.1162
0.0004 0.1621
0.0000 0.2027
0.0069 0.1266
0.0014 0.1543
0.3793 0.0840
0.5579 0.0793
16.8698 0.0221
0.0253 0.1242
0.0312 0.1120
0.0004 0.1614
0.1982 0.0892
0.0020 0.1385
0.2246 0.2134
0.4455 0.0591
0.0101 0.1206
0.0015 0.1536
0.1385 0.0980
0.5209 0.0713
0.0018 0.1417
0.0054 0.1311
0.0000 0.1823
0.0404 0.1057
0.1832 0.0843
0.3174 0.0755
0.0040 0.1316
0.3125 0.0900
0.0508 0.1134
0.0042 0.1404
0.0210 0.1199
0.0288 0.1122
0.1838 0.0814
0.2485 0.0842
12.9853 0.0182
1.6864 0.0753
0.5350 0.1117
0.0010 0.1530
0.7950 0.0614
0.0862 0.1667
0.0029 0.1405
0.4944 0.0906
0.4270 0.0762
0.1881 0.0935
0.0005 0.1683
0.3255 0.0887
3.4423 0.0493
0.0001 0.1688
0.0020 0.1418
0.0000 0.1846
0.0000 0.1892
0.0208 0.1117
0.0001 0.1775
0.0022 0.1365
18.2838 0.0105
22.6459 0.0221
28.2877 0.0159
0.0059 0.1415
0.0548 0.1021
0.0284 0.1186
0.0974 0.0876
0.0017 0.1471
0.4001 0.0838
0.0000 0.1770
0.0335 0.1065
0.2739 0.1001
0.0287 0.1264
0.0003 0.1643
0.0353 0.1338
0.0000 0.1855
0.1357 0.0980
0.2748 0.0725
0.0005 0.1609
0.1200 0.1113
0.0623 0.1117
6.1915 0.0559
0.2668 0.0846
0.0028 0.1457
0.1435 0.0858
0.2234 0.0961
0.0000 0.2008
19.7701 0.0199
0.4585 0.0921
0.0130 0.1279
0.7102 0.0798
0.4658 0.0773
0.0636 0.0950
0.0007 0.1652
0.0025 0.1402
0.1027 0.1061
9.1513 0.0114
0.0168 0.1266
0.0184 0.1216
0.0238 0.1109
1.3387 0.0624
0.0119 0.1328
0.0000 0.1849
27.1191 0.0228
0.0016 0.1545
0.0038 0.1410
0.0026 0.1452
28.6809 0.0121
0.0292 0.1275
1.2851 0.0682
0.0480 0.0965
1.6773 0.0495
0.1231 0.1082
11.3018 0.0877
0.0044 0.1531
0.0312 0.1177
0.0246 0.1155
0.3246 0.0828
0.0018 0.1396
0.0000 0.1837
0.0049 0.1327
0.0506 0.1152
0.0036 0.1362
0.0004 0.1734
0.0911 0.0865
2.5609 0.0461
0.0000 0.1871
0.1084 0.0949
0.0055 0.1329
0.1942 0.1059
0.0710 0.1014
0.0566 0.0963
0.0000 0.1820
0.0004 0.1574
0.1088 0.0971
10.3617 0.0158
0.0055 0.1344
0.0167 0.1254
0.1185 0.0974
0.3117 0.1863
0.0701 0.1117
0.3530 0.0730
0.0019 0.1573
1.9282 0.0530
0.0002 0.1605
0.0374 0.1112
0.0563 0.1158
1.7026 0.0535
0.0133 0.1324
1.8631 0.0350
0.0063 0.1356
0.0046 0.1361
11.1974 0.0205
0.0513 0.1155
0.0001 0.1739
0.0007 0.1506
4.0731 0.0331
0.0055 0.1257
0.0091 0.1353
0.8438 0.0795
0.0466 0.1120
0.0049 0.1450
0.1218 0.1286
0.0002 0.1717
0.2560 0.0941
0.2878 0.1016
0.8844 0.0286
0.0009 0.1613
1.3538 0.0729
4.3559 0.2261
17.3137 0.0275
0.0091 0.1302
30.2671 0.0057
1.2873 0.0513
0.4072 0.0553
0.0012 0.1489
0.0015 0.1545
0.0808 0.1176
0.2494 0.0848
0.0988 0.0880
0.0561 0.0974
0.1037 0.1058
0.0666 0.1077
0.0309 0.1240
0.0001 0.1746
0.7904 0.0559
2.3655 0.1385
0.3393 0.0859
1.7996 0.0503
0.0766 0.1045
0.0000 0.1777
0.0254 0.1158
5.6288 0.0252
0.0451 0.1628
0.0421 0.1146
0.0000 0.1829
0.0000 0.2234
13.1773 0.0366
0.0002 0.1676
0.1416 0.0908
9.7529 0.0125
0.6187 0.1290
0.0836 0.0945
0.0004 0.1602
0.0028 0.1479
0.0006 0.1560
0.0180 0.1281
0.0753 0.0980
0.2932 0.0751
0.0065 0.1294
0.0045 0.1441
0.0838 0.1137
0.7048 0.0810
0.0949 0.1031
6.3470 0.0391
0.0464 0.1090
0.0054 0.1340
0.0081 0.1352
10.2935 0.0325
1.9976 0.0235
0.0806 0.1095
0.0004 0.1614
0.0146 0.1269
16.1716 0.0225
0.0001 0.1713
1.3539 0.0540
0.0000 0.2247
0.0000 0.1909
0.2702 0.0935
0.0137 0.1290
0.0600 0.1101
0.0012 0.1524
3.0394 0.0336
0.0041 0.1328
0.1325 0.0952
9.0682 0.0398
1.4952 0.1068
12.4400 0.0251
0.5834 0.0592
0.0473 0.1055
0.0135 0.1148
0.0005 0.1525
0.0002 0.1693
0.0074 0.1263
0.0557 0.0941
0.0593 0.1022
0.0161 0.1265
0.1023 0.0887
0.0016 0.1556
0.0263 0.1118
8.6805 0.0307
0.0019 0.1436
0.0616 0.1110
0.0000 0.2030
12.6646 0.0443
0.0752 0.1122
0.0690 0.0960
4.9386 0.0207
0.0085 0.1233
0.0006 0.1528
0.3091 0.0768
0.0826 0.1081
0.0052 0.1443
0.8067 0.0674
0.0928 0.0877
0.0212 0.1086
0.3299 0.1237
0.0095 0.1350
0.0006 0.1591
0.1647 0.1662
0.0259 0.1234
0.9076 0.0721
1.4102 0.0756
0.0025 0.1507
2.2518 0.0681
6.8231 0.0269
0.0022 0.1410
0.0002 0.1710
0.0233 0.1211
2.9435 0.0412
1.0800 0.0758
0.4321 0.0512
0.0004 0.1606
0.0017 0.1444
0.0897 0.1062
0.0027 0.1438
0.0077 0.1291
0.0000 0.2040
0.2109 0.0875
0.0366 0.1253
0.1709 0.0976
0.0676 0.1028
0.0000 0.1757
0.1080 0.1016
0.2211 0.0968
0.0411 0.1074
0.3214 0.0872
0.0164 0.1161
0.1427 0.1020
10.1180 0.0178
0.0000 0.1902
3.8182 0.0248
0.0312 0.1208
0.0147 0.1372
0.1465 0.0994
0.0167 0.2338
0.3328 0.0876
0.0268 0.1098
0.1289 0.0980
0.0000 0.2010
0.0021 0.1436
31.9416 0.0120
0.0412 0.1017
19.1395 0.0305
0.4726 0.0555
0.0740 0.0958
0.0945 0.1170
0.0255 0.1180
0.0648 0.1138
0.3494 0.0784
3.7068 0.0382
0.8124 0.0489
1.4710 0.0563
0.1930 0.0736
0.0524 0.1050
0.0100 0.1351
0.0000 0.1869
0.0189 0.1172
0.8140 0.0550
0.0000 0.2012
0.2281 0.0885
0.0291 0.1218
0.0014 0.1472
0.0101 0.1294
34.2881 0.0065
1.2279 0.0728
0.0001 0.1793
0.0353 0.1145
0.0011 0.1465
0.4173 0.1328
0.0002 0.1663
1.6276 0.0797
0.0013 0.1446
0.3224 0.0944
0.0796 0.1100
0.0068 0.1426
0.1247 0.1106
0.2438 0.2278
0.0061 0.1371
0.0378 0.1201
0.0000 0.1892
0.0421 0.1054
5.8625 0.0297
0.8522 0.0790
0.0012 0.1547
0.0316 0.1182
0.0855 0.1366
0.1092 0.1063
0.0231 0.1070
0.0000 0.1991
0.0006 0.1620
0.2152 0.0930
0.0001 0.1756
6.4948 0.0184
11.3533 0.0370
0.0513 0.0999
0.0000 0.2048
0.1578 0.0828
0.0006 0.1511
0.3368 0.0746
0.0188 0.1142
0.0000 0.1821
0.0585 0.1053
0.0011 0.1598
0.0000 0.2093
0.0223 0.1218
3.1189 0.0344
0.0008 0.1527
0.4433 0.0741
0.1094 0.1389
0.0074 0.1394
5.3480 0.0191
0.0004 0.1623
0.0161 0.1166
0.0342 0.1109
0.0410 0.1138
0.0232 0.1146
0.3013 0.0696
0.0007 0.1494
0.1252 0.1072
0.0461 0.1086
0.0043 0.1388
0.0001 0.1794
0.1068 0.1167
0.2953 0.0948
0.0000 0.2021
0.0185 0.1297
0.1572 0.0916
0.0013 0.1434
1.4378 0.0000
0.0103 0.1252
0.0090 0.1302
0.0184 0.1324
0.0556 0.1186
1.7114 0.0736
11.6643 0.0198
3.1034 0.0074
0.1205 0.0991
6.2754 0.0535
0.0157 0.1266
0.0000 0.1950
0.2040 0.0901
3.0743 0.0351
0.5226 0.1363
0.0388 0.1240
0.0098 0.1264
3.6404 0.0651
0.0071 0.1356
0.0766 0.0901
7.8152 0.0232
9.5217 0.0451
5.3011 0.0445
0.0191 0.1269
36.3371 0.0026
0.0060 0.1303
0.2439 0.0717
0.1532 0.1170
0.5301 0.0733
9.8073 0.0121
0.0458 0.1094
0.0109 0.1277
0.0001 0.1776
0.0171 0.1132
0.1195 0.0885
1.2241 0.0757
0.9512 0.0519
1.5892 0.0794
0.0829 0.0909
0.0132 0.1349
36.6926 0.0106
0.4253 0.0976
0.0165 0.1352
1.1625 0.0782
0.0919 0.0852
9.2950 0.0504
0.1913 0.0835
0.0001 0.1703
0.7848 0.0332
0.0000 0.2090
4.4139 0.0375
0.0077 0.1457
0.0107 0.1252
0.2077 0.0948
1.7341 0.0530
0.1920 0.0908
0.2987 0.0818
0.3762 0.0937
8.2259 0.0276
0.5151 0.0748
11.9290 0.5396
0.1410 0.0964
0.0042 0.1461
0.0000 0.1901
0.0249 0.1126
0.0055 0.1401
0.0455 0.1127
0.2517 0.1014
0.0003 0.1659
0.9041 0.0754
0.0305 0.1063
0.0000 0.1998
0.0002 0.1686
0.0060 0.1301
0.0114 0.1474
1.0594 0.0794
0.0004 0.1624
1.0147 0.0756
0.0009 0.1676
0.0023 0.1459
0.7116 0.0963
0.8322 0.0800
0.0261 0.1176
0.0150 0.1270
2.3794 0.0720
0.0049 0.1424
1.0168 0.0848
0.0055 0.1388
1.5709 0.0490
0.0111 0.1271
0.0042 0.1384
0.7657 0.0617
0.0157 0.1281
0.0009 0.1576
1.8868 0.0628
0.2548 0.0928
0.1445 0.0985
0.2248 0.0750
7.0131 0.0216
0.0317 0.1141
0.0182 0.1152
0.0198 0.1112
0.0138 0.1320
6.4747 0.0177
24.4015 0.0146
19.8851 0.0215
0.0474 0.0991
0.0168 0.1249
0.5487 0.0814
0.6465 0.0821
0.0000 0.1767
0.0125 0.1245
0.1905 0.0900
1.1226 0.0633
0.4586 0.0783
0.8314 0.0463
0.1679 0.1032
0.0000 0.1820
0.0164 0.1168
0.0123 0.1331
4.1183 0.0395
0.2659 0.0811
0.0003 0.1641
0.0011 0.1603
3.8312 0.0434
0.0147 0.1263
0.0420 0.1053
0.4193 0.0953
0.1852 0.0930
0.0019 0.1470
0.0030 0.1940
0.0269 0.1222
0.0046 0.1315
0.2656 0.0790
5.6357 0.1542
0.0029 0.1417
0.0000 0.2024
0.1048 0.1104
0.0016 0.1481
0.0126 0.1237
0.0107 0.1331
8.3588 0.0125
0.1540 0.1053
0.2975 0.0898
0.6052 0.0676
0.0532 0.1322
0.2847 0.1186
10.8191 0.0295
0.0075 0.1363
3.4873 0.0316
13.9042 0.0296
20.9811 0.0218
0.0533 0.1161
0.7842 0.0750
0.5795 0.0825
0.0163 0.1246
0.0015 0.1468
0.0441 0.1147
0.0321 0.1504
0.0007 0.1513
0.3375 0.0752
1.7857 0.0475
0.0594 0.1099
1.1032 0.0537
0.0000 0.2505
0.1114 0.0942
1.0786 0.0789
0.0586 0.1146
0.0008 0.1590
0.0018 0.1405
0.0932 0.1051
0.8045 0.0635
4.5840 0.0411
0.1893 0.0743
0.0057 0.1277
0.2207 0.0843
0.0009 0.1539
0.9492 0.0506
1.2025 0.0559
0.0505 0.1158
0.2896 0.0796
0.0983 0.1666
0.1017 0.0968
0.0877 0.1102
0.0014 0.1442
0.0122 0.1338
0.5814 0.0833
8.5586 0.0415
0.0007 0.1494
0.0743 0.1053
0.0002 0.1679
0.0468 0.1048
0.1726 0.0902
0.0044 0.1462
0.0088 0.1232
0.1745 0.1018
0.2333 0.0857
0.0015 0.1455
0.0371 0.1162
1.5832 0.0462
0.1295 0.0825
0.0120 0.1280
0.0085 0.1250
0.7321 0.0713
0.0000 0.2273
0.0155 0.1181
0.0258 0.1222
0.3280 0.1209
0.0143 0.1224
0.2325 0.0879
0.0313 0.1157
1.9448 0.0736
0.0013 0.1466
0.3827 0.0861
0.0006 0.1577
0.0019 0.1397
0.0753 0.1090
0.0834 0.1185
0.8433 0.0523
0.4787 0.0818
0.0833 0.1031
0.2139 0.0923
0.0231 0.1258
0.4230 0.0730
14.9127 0.0273
0.0960 0.1012
0.0037 0.1361
0.2804 0.0720
0.0048 0.1384
0.0763 0.1118
0.0003 0.1641
0.0116 0.1194
0.4985 0.0760
0.1168 0.1053
0.0080 0.1302
0.9506 0.1003
0.0785 0.1034
0.0053 0.1355
1.1135 0.0515
0.0617 0.0986
0.1055 0.1036
0.1622 0.0750
0.0424 0.1128
0.2110 0.1019
0.0601 0.1136
0.1766 0.0877
1.2988 0.0691
0.0032 0.1348
0.0317 0.1047
0.3102 0.0641
0.0277 0.1253
4.7410 0.0311
0.0736 0.1146
0.2137 0.0842
16.3444 0.0350
0.0001 0.1747
24.9938 0.0115
0.0028 0.1402
0.9521 0.1671
0.2125 0.1001
0.0103 0.1346
1.5351 0.0628
0.0006 0.1585
0.1428 0.1045
0.8990 0.0518
0.0137 0.1276
0.0820 0.1113
0.1687 0.1036
0.7212 0.0669
0.0557 0.1180
2.9611 0.0532
0.0536 0.1039
0.0607 0.1193
0.3341 0.0734
0.5744 0.0842
0.3338 0.0801
0.6010 0.0695
0.0444 0.1154
0.3798 0.1085
0.3294 0.2438
4.0200 0.0554
0.0002 0.1684
0.0020 0.1377
0.0013 0.1486
0.1980 0.0885
0.8945 0.0736
0.6178 0.0601
0.2886 0.0743
0.0021 0.1452
0.1565 0.0944
0.0003 0.1601
0.0351 0.1144
0.0535 0.1136
2.4717 0.0483
7.6532 0.0351
0.0016 0.1553
0.0337 0.1062
3.5912 0.0336
5.7895 0.0389
0.0447 0.1125
0.0076 0.1287
0.1909 0.0973
0.2114 0.0897
0.1606 0.1566
0.3957 0.0898
0.0010 0.1578
0.0010 0.1842
0.0002 0.1713
16.5120 0.0237
20.8332 0.0275
15.5933 0.0250
0.0342 0.1172
0.1907 0.0934
0.1719 0.1080
0.5343 0.0677
0.4233 0.1416
0.0363 0.1130
36.1735 0.0089
0.0150 0.1252
0.2824 0.0895
0.2184 0.0975
0.0133 0.1201
0.8748 0.1098
0.0568 0.1106
0.1615 0.0955
0.2629 0.0892
0.0894 0.0910
0.0041 0.1382
0.0242 0.1220
1.6246 0.0626
31.1270 0.0093
0.0163 0.1240
0.2334 0.1218
0.0023 0.1436
0.0975 0.1098
0.0000 0.1897
0.0119 0.1301
0.0486 0.1116
10.2667 0.0198
0.1024 0.0971
0.0461 0.1133
0.1292 0.0889
0.2556 0.1083
0.0330 0.1230
5.1962 0.0304
17.6529 0.0121
0.0387 0.1109
0.4336 0.0856
0.0544 0.1106
0.0563 0.1025
0.1038 0.0854
1.4864 0.0502
0.0455 0.1164
0.0153 0.1230
0.0497 0.0975
0.1463 0.0801
0.0000 0.1878
0.0000 0.2420
0.0136 0.1150
2.6741 0.0349
5.5524 0.0476
0.1389 0.0911
0.0159 0.1152
0.0051 0.1414
1.5453 0.0264
0.0298 0.1154
0.0305 0.1098
0.0044 0.1436
15.9554 0.0298
0.2109 0.0793
0.0000 0.1854
2.1995 0.0602
0.0073 0.1331
0.0011 0.1606
0.1379 0.0939
0.0517 0.1139
0.8434 0.0684
0.0001 0.1783
0.1555 0.0875
0.0000 0.2263
0.0059 0.1384
0.0660 0.1015
0.0006 0.1514
1.5482 0.0530
0.1108 0.1719
0.6950 0.0433
1.5976 0.0575
0.0006 0.1540
0.0004 0.1536
0.0307 0.1038
2.1461 0.0170
0.0234 0.1152
1.8432 0.0579
0.6926 0.0617
0.0377 0.1076
0.3217 0.0825
0.8743 0.0679
0.0000 0.2034
0.2636 0.0752
0.0079 0.1421
7.8345 0.0216
0.0285 0.1198
0.0100 0.1351
0.0001 0.1757
0.2192 0.0756
0.0567 0.1066
0.6372 0.0514
0.0103 0.1269
0.0004 0.1580
0.0000 0.1985
0.1046 0.0843
0.1469 0.0827
0.2492 0.0787
0.0001 0.1771
0.5720 0.0895
0.9597 0.0451
0.2566 0.0776
0.4823 0.0787
0.1916 0.0823
0.0135 0.1343
0.0287 0.1203
0.1363 0.0916
0.0000 0.1890
8.8673 0.0251
0.0038 0.1404
0.0022 0.1393
0.0000 0.2196
0.0024 0.1358
0.1798 0.1646
0.0000 0.1832
0.0084 0.1309
0.1582 0.0804
0.0075 0.1460
0.0000 0.2190
3.0569 0.0352
0.3138 0.0610
0.0691 0.0974
0.0159 0.1212
0.0171 0.1180
2.8596 0.0630
0.0304 0.1141
0.0002 0.1660
0.0272 0.1302
0.4357 0.0871
0.2447 0.0837
0.0000 0.2110
0.0057 0.1368
0.0000 0.1988
0.0447 0.1075
0.2038 0.1022
0.4787 0.0579
5.7143 0.0240
0.2025 0.1155
0.0009 0.1520
0.0432 0.0995
0.0113 0.1167
0.4966 0.0488
0.4882 0.1188
8.7311 0.0177
0.0195 0.1167
1.8170 0.0573
0.1409 0.0968
0.4445 0.0840
0.0046 0.1300
0.5348 0.0987
0.0017 0.1416
0.0226 0.1116
0.0001 0.1723
0.0435 0.1067
0.0005 0.1551
0.1921 0.0900
0.0423 0.1216
0.6523 0.0924
40.2352 0.0203
0.0007 0.1541
0.1702 0.0939
0.0333 0.1507
0.0370 0.1082
0.0040 0.1376
1.3272 0.0225
0.3565 0.0678
1.1708 0.0666
0.0013 0.1446
0.0021 0.1457
0.0000 0.1828
0.1021 0.0896
0.6797 0.0657
0.2470 0.0834
0.0019 0.1466
0.0043 0.1322
0.3369 0.0615
0.0267 0.1125
0.4984 0.0700
2.6407 0.0550
0.0004 0.1612
0.0000 0.2024
0.0037 0.1386
0.2563 0.0788
0.0016 0.1419
0.0000 0.2325
0.8947 0.0522
14.7213 0.0269
25.2064 0.0202
0.0015 0.1569
0.0464 0.1120
0.0380 0.1064
0.0000 0.2394
0.1375 0.0947
0.1737 0.1026
0.0048 0.1333
0.0018 0.1474
0.0020 0.1381
0.0008 0.1498
0.0485 0.1000
0.0007 0.1697
0.0308 0.1244
0.5008 0.0570
0.0242 0.1163
0.2606 0.0715
0.2242 0.0882
0.1144 0.0866
0.0278 0.1153
0.0008 0.1558
2.7406 0.0380
0.0000 0.1870
0.6578 0.0394
9.2879 0.0226
0.3716 0.1088
6.5901 0.0322
0.0239 0.1091
0.0121 0.1385
0.0054 0.1326
0.0029 0.1516
0.0645 0.1136
0.0000 0.1882
0.0000 0.1967
0.5869 0.0534
0.0626 0.0996
0.0099 0.1218
0.0000 0.2164
0.0021 0.1499
37.1704 0.0218
0.5229 0.2505
2.7339 0.4300
36.4144 0.0115
0.0245 0.1234
0.4051 0.0724
2.9340 0.0587
0.0075 0.1225
0.5952 0.0400
0.0026 0.1359
0.0486 0.1143
6.1387 0.0321
0.3664 0.0737
0.1648 0.1104
2.0510 0.1251
0.0289 0.1228
32.1665 0.0168
0.0001 0.1718
0.0302 0.1134
0.5454 0.0634
1.3327 0.0887
0.3071 0.1186
0.4588 0.0770
0.0134 0.1850
2.1830 0.0330
0.0767 0.0988
0.3370 0.0655
0.0199 0.1097
0.0074 0.1339
0.0000 0.1868
0.0025 0.1476
0.0053 0.1334
2.4922 0.0314
0.0036 0.1414
0.2076 0.1340
1.2562 0.0536
0.3602 0.1058
0.1317 0.1538
0.5082 0.0757
0.0025 0.1487
0.9426 0.0752
0.0137 0.1269
0.3376 0.0967
0.3119 0.0776
7.2848 0.0283
0.0000 0.1801
0.0411 0.1063
0.0762 0.1029
1.0944 0.0628
0.0072 0.1311
0.0281 0.1237
0.2902 0.1017
0.0484 0.1180
0.0026 0.1486
0.0028 0.1387
0.0506 0.1022
5.9174 0.0469
0.0001 0.1748
0.0000 0.2435
35.1875 0.0085
31.3540 0.0060
0.9843 0.0919
0.0026 0.1453
0.0664 0.1171
0.0453 0.1188
0.0000 0.1936
0.0000 0.1900
0.1189 0.1020
0.0112 0.1299
0.3011 0.0866
0.4956 0.0712
0.0046 0.1412
0.0076 0.1269
0.0005 0.1590
32.1082 0.0081
0.5567 0.0719
0.3014 0.0624
0.0131 0.1292
0.0020 0.1391
0.0000 0.1784
0.0176 0.1143
0.0042 0.1335
0.0003 0.1643
0.0038 0.1371
3.0515 0.0297
0.0140 0.1185
33.2539 0.0067
4.5017 0.0525
2.5795 0.0430
0.0049 0.1359
0.7433 0.0627
0.0000 0.2003
0.0017 0.1492
0.0009 0.1460
0.0004 0.1598
0.0910 0.0922
0.0122 0.1346
0.0042 0.1291
0.0081 0.1280
0.0012 0.1515
0.3927 0.0944
0.0247 0.1328
2.0355 0.0521
0.0095 0.1306
0.0059 0.1353
0.8266 0.0515
0.0475 0.1031
0.0332 0.1077
0.0017 0.1515
0.0204 0.1310
0.0001 0.1663
0.0121 0.1333
2.8375 0.0452
0.0012 0.1519
0.0000 0.1830
0.0404 0.1160
0.2728 0.1228
0.0043 0.1442
0.0271 0.1098
0.0204 0.1215
0.1410 0.1509
0.0023 0.1416
0.0429 0.1059
0.7096 0.0845
0.0962 0.1002
1.6083 0.0582
1.0649 0.0727
0.0179 0.1222
0.3773 0.0769
0.0793 0.1089
5.8077 0.0289
0.1136 0.0984
0.1223 0.0949
0.2685 0.0827
0.0102 0.1409
8.9701 0.0371
1.6014 0.0577
0.0819 0.1112
0.1495 0.0899
1.0502 0.0646
0.2906 0.0736
0.1622 0.0949
1.5997 0.1077
0.0907 0.1107
0.1061 0.0832
0.0000 0.2319
0.0299 0.1351
0.1889 0.1726
0.0091 0.1309
0.0003 0.1675
0.0324 0.1095
0.0717 0.0961
0.0407 0.1153
4.7343 0.0345
22.2651 0.0259
0.0006 0.1552
0.0001 0.1721
0.6735 0.0631
0.4244 0.1253
0.0378 0.1114
0.0000 0.1913
0.0747 0.1113
0.0016 0.1602
0.1606 0.0870
25.8650 0.0136
0.0107 0.1269
0.0125 0.1338
0.5452 0.0756
0.1511 0.1035
0.4946 0.0749
0.0068 0.1428
0.1926 0.0857
0.0026 0.1456
0.0788 0.1025
0.0627 0.1026
36.0716 0.0047
2.0038 0.0900
0.0015 0.1496
0.6773 0.0729
8.1292 0.0200
0.1231 0.1002
1.8162 0.0454
0.1427 0.1041
0.0000 0.2164
41.1134 0.0074
0.1023 0.1132
1.4262 0.0595
0.0033 0.1422
0.0186 0.1142
12.4493 0.0222
22.8650 0.0058
33.6043 0.0120
11.0829 0.0035
0.0005 0.1539
0.1343 0.1069
0.3385 0.0935
0.3382 0.0795
0.0935 0.1013
0.0002 0.1703
32.5112 0.0043
0.5813 0.0450
0.0817 0.0997
0.1506 0.0901
0.0314 0.1187
0.2441 0.0824
0.3190 0.0928
1.0163 0.0581
36.9616 0.0181
0.2414 0.0943
0.0000 0.1761
0.1068 0.0973
0.7273 0.0922
1.0080 0.0475
0.1688 0.1084
0.2346 0.0839
0.0000 0.2011
0.0390 0.1167
3.0477 0.0347
5.5175 0.0215
0.0025 0.1516
7.6051 0.0249
0.9138 0.0420
0.1347 0.0948
9.5242 0.0395
0.9160 0.1968
0.0926 0.1207
0.0245 0.1251
1.4338 0.0427
0.0287 0.1145
0.0072 0.1248
0.1359 0.1044
40.1592 0.0140
0.1447 0.1005
0.0242 0.1170
2.3600 0.0332
0.2979 0.0834
0.6335 0.0849
0.1298 0.0914
0.0010 0.1563
16.3702 0.0259
0.6918 0.0738
0.2985 0.1099
0.0904 0.0994
0.0780 0.0968
0.1186 0.0833
7.3443 0.0163
0.6978 0.0621
12.0123 0.0389
0.0255 0.1219
0.0580 0.1176
0.0034 0.1380
0.0427 0.1090
0.0000 0.2011
0.2088 0.0852
0.0725 0.1127
1.4837 0.0725
0.1242 0.0888
0.0000 0.2218
0.3206 0.0933
24.7225 0.0233
0.0033 0.1416
0.0114 0.1748
0.5726 0.0646
0.0025 0.1542
0.0005 0.1996
0.1451 0.0888
4.4588 0.0085
0.0094 0.1234
0.0000 0.1786
0.0000 0.1766
0.4351 0.0622
0.0001 0.1743
0.0213 0.1143
0.0016 0.1459
1.4026 0.0771
0.0003 0.1664
0.0513 0.1235
0.0022 0.1490
0.0603 0.1137
0.0284 0.1100
0.0013 0.1505
0.0102 0.1282
0.0410 0.1054
0.0320 0.1057
0.0395 0.1318
0.0000 0.1756
0.0044 0.1388
1.6116 0.0417
1.2897 0.0457
0.0140 0.1280
0.1012 0.0978
0.0310 0.1061
0.0023 0.1404
6.7639 0.0358
22.3995 0.0060
0.0618 0.0998
0.1168 0.0862
0.0000 0.2439
2.3443 0.0501
0.0304 0.1191
0.3017 0.0741
0.0308 0.2335
0.0005 0.1551
0.0906 0.1062
0.1742 0.0732
0.0000 0.2002
0.3380 0.0854
0.3301 0.0842
0.0003 0.1637
3.4631 0.0327
0.0005 0.1526
0.9618 0.0514
0.0065 0.1394
0.3120 0.0826
0.0001 0.1742
0.0000 0.1850
0.1391 0.0898
0.0002 0.1641
0.0001 0.1708
1.2091 0.0628
0.0899 0.0907
5.9812 0.0484
0.1105 0.1110
0.8248 0.0556
0.6768 0.0939
0.0101 0.1200
0.0056 0.1322
0.2302 0.0976
8.6325 0.0377
21.2431 0.0168
0.1214 0.1108
0.0211 0.1236
2.2488 0.0611
31.7506 0.0157
0.3688 0.0893
0.1447 0.0906
0.0455 0.2274
1.2791 0.0460
0.0037 0.1345
0.0218 0.1252
0.1136 0.1054
10.6245 0.0365
0.0139 0.1357
0.1209 0.0902
0.0771 0.1099
0.1034 0.0917
0.0400 0.1303
1.3441 0.0742
0.0000 0.1864
0.0056 0.1325
0.5182 0.0826
2.2657 0.0509
0.6948 0.0732
0.0066 0.1423
0.5793 0.0675
0.2263 0.0835
0.5485 0.0640
0.1290 0.1043
0.0000 0.1974
25.7269 0.0194
0.0023 0.1490
0.3586 0.0826
0.0023 0.1393
0.0081 0.1230
0.0145 0.1150
0.2991 0.0941
0.0701 0.0985
0.0006 0.1573
0.7423 0.0606
0.0479 0.1065
0.0239 0.1161
39.0263 0.0040
0.0032 0.1422
2.6414 0.0365
0.8761 0.0776
0.1185 0.0955
0.2574 0.0808
0.0000 0.1835
0.5586 0.1353
0.0006 0.1550
0.1985 0.0854
0.5593 0.0845
0.0001 0.1640
0.0006 0.1601
3.4282 0.0368
0.0577 0.1128
0.0344 0.1139
0.0092 0.1324
0.0067 0.1353
0.6907 0.0565
0.0958 0.0973
0.0089 0.1532
0.4980 0.0871
0.0000 0.1802
0.4918 0.0832
0.0047 0.1340
0.0001 0.1772
0.2096 0.0944
0.0845 0.0957
0.2719 0.0932
0.0038 0.1390
0.0102 0.1361
0.0537 0.1110
0.1920 0.0977
0.0434 0.1375
0.0003 0.1604
0.0587 0.1311
0.4022 0.0723
0.0000 0.2356
0.8527 0.0773
0.1053 0.0978
1.4876 0.1606
0.2327 0.0901
0.0461 0.1020
0.0002 0.1636
0.2569 0.0830
1.3403 0.0581
0.0001 0.1741
0.0000 0.1953
0.1792 0.0986
0.0024 0.1576
0.0693 0.1073
0.0863 0.1143
0.4229 0.0837
0.0977 0.1028
0.0076 0.1341
0.0135 0.1356
0.0009 0.1577
0.3513 0.0897
0.2453 0.1023
0.0795 0.1090
