95.7491 0.1359
26.5093 0.1301
99.3718 0.0720
138.9938 0.1351
136.2534 0.1044
89.8646 0.1032
61.3859 0.1718
184.4553 0.1063
132.3592 0.0857
101.8195 0.1377
42.1051 0.0725
76.2947 0.1230
242.0989 0.1074
61.3372 0.1761
50.3465 0.1252
155.5381 0.1559
273.8621 0.1214
200.2475 0.1304
197.2786 0.1378
115.6345 0.1088
239.0430 0.1066
70.2371 0.1807
22.0676 0.1873
89.2998 0.1445
277.6231 0.1012
74.9373 0.1972
146.3395 0.1146
95.2181 0.0931
232.2509 0.0830
160.3184 0.1016
51.2028 0.1668
131.4988 0.1414
109.0600 0.1200
58.4277 0.0895
129.3211 0.1604
76.3135 0.1300
178.7447 0.1392
40.9497 0.1426
151.6901 0.1197
29.7458 0.1309
89.5696 0.1100
90.1041 0.0850
181.6598 0.1608
88.0450 0.1331
245.7848 0.1118
64.5705 0.1822
101.1107 0.1524
113.0756 0.1303
222.0430 0.1097
126.9769 0.0887
125.3354 0.1849
126.3657 0.0911
17.9667 0.1988
121.1796 0.1307
19.2671 0.1518
153.6749 0.1135
177.5489 0.0948
77.1258 0.0957
156.3362 0.0921
186.9422 0.1201
104.4640 0.2123
144.9837 0.1290
90.8881 0.1421
178.1774 0.0901
173.0028 0.1546
178.5268 0.1369
203.9807 0.1096
40.6723 0.1310
117.8385 0.0655
195.3457 0.1130
145.9665 0.0965
184.5560 0.1300
146.7208 0.1206
92.7591 0.1274
134.8678 0.1175
129.0733 0.1162
84.8867 0.1341
109.2210 0.0879
66.7254 0.1667
145.6562 0.1449
34.1708 0.1457
103.4028 0.1140
92.5358 0.1434
32.3352 0.1362
38.9301 0.1942
82.3959 0.1142
75.8410 0.1942
103.0420 0.1878
172.4417 0.1405
202.9194 0.1237
81.0762 0.1446
106.2901 0.1294
29.9664 0.0889
72.5391 0.1822
122.2291 0.1569
72.4940 0.0957
126.4156 0.1145
104.2917 0.0856
144.6457 0.1050
220.8009 0.1257
81.1977 0.0779
185.3480 0.1170
89.5068 0.1259
14.5419 0.0328
76.4316 0.1041
201.2060 0.1237
71.2074 0.1102
134.5969 0.1002
23.9014 0.1033
54.5459 0.0689
79.3669 0.1769
124.1871 0.1369
157.0799 0.0894
102.5116 0.1424
77.3492 0.1154
300.2362 0.1073
270.4006 0.1167
86.5532 0.1708
194.5810 0.1420
283.3654 0.0936
235.4068 0.1032
106.7560 0.1418
82.4120 0.0813
145.5349 0.0611
210.2989 0.0963
64.8584 0.0861
100.4150 0.1164
88.7304 0.1051
199.9405 0.1236
140.4432 0.1462
89.8723 0.1211
209.0925 0.0933
168.8367 0.0605
89.5200 0.1728
168.9336 0.1205
68.6158 0.1916
54.4544 0.0856
121.3595 0.1375
213.1486 0.1065
170.8300 0.1237
165.2247 0.0923
58.8934 0.1202
77.2011 0.1183
43.0089 0.2215
38.4689 0.1873
81.7652 0.1507
142.1531 0.0950
33.3801 0.1908
61.3088 0.0544
101.3560 0.1754
136.4961 0.0911
278.5085 0.0985
203.9065 0.1031
131.0351 0.1020
83.3445 0.1771
58.5354 0.1408
139.4843 0.1289
151.0701 0.0879
95.3721 0.1540
94.3360 0.0836
191.7323 0.1009
156.0087 0.1685
130.3505 0.1509
194.2132 0.1544
72.6052 0.1579
22.5261 0.1616
121.0382 0.1236
79.2050 0.1185
16.5705 0.1192
50.8768 0.1236
111.2517 0.1125
145.5942 0.0927
140.5944 0.1542
104.1284 0.0787
219.5895 0.1019
195.5302 0.0853
68.0934 0.2002
289.2928 0.0575
230.8022 0.1163
109.0999 0.1418
200.0363 0.1185
49.1936 0.0451
105.8684 0.1602
131.3441 0.0850
150.0377 0.0838
169.1734 0.1054
16.5956 0.0227
24.3912 0.0780
102.3386 0.1301
41.1814 0.1641
220.1845 0.1457
77.5335 0.1472
98.5487 0.1272
64.7402 0.0844
40.5968 0.1114
81.0272 0.1326
94.3725 0.0560
112.8619 0.1343
154.4399 0.0568
157.8577 0.0624
145.5562 0.1003
88.1540 0.1841
47.0581 0.1689
116.2968 0.0844
147.1888 0.1173
170.2827 0.1547
199.1855 0.1388
238.7616 0.1000
63.3693 0.1179
106.4121 0.1401
128.6102 0.1586
34.9284 0.1537
151.5190 0.1257
85.9705 0.1182
70.9067 0.0729
98.2598 0.0825
95.1110 0.1340
126.2000 0.1245
147.9949 0.1145
132.4436 0.1695
106.2483 0.0763
71.9439 0.1230
95.0234 0.1301
191.7953 0.1136
201.7129 0.1216
96.6161 0.1579
82.9605 0.0828
64.7594 0.1748
168.2833 0.1369
66.7589 0.1415
119.5375 0.1069
268.7123 0.0959
45.5743 0.1684
64.3695 0.1682
59.1749 0.1277
137.8639 0.1376
149.6063 0.0910
85.2229 0.0664
80.8106 0.1319
96.5434 0.1404
283.7264 0.0828
48.0790 0.1636
76.5135 0.1697
151.5559 0.1387
104.9611 0.1259
157.7478 0.0982
167.8209 0.1144
149.3779 0.1303
286.9247 0.0676
88.9510 0.1254
68.0845 0.0779
53.6928 0.2102
82.0981 0.1458
124.1863 0.1433
209.7850 0.1361
182.2249 0.0905
100.6070 0.0657
142.8897 0.1228
145.1376 0.0754
91.8169 0.1211
165.8791 0.1520
15.5112 0.0573
122.0895 0.1840
163.0812 0.1017
70.3116 0.1756
28.4727 0.1471
13.9261 0.0478
99.6611 0.1613
186.3782 0.1115
32.5981 0.2169
156.7888 0.0528
87.8912 0.1846
122.2471 0.1231
248.5919 0.0830
20.1096 0.1190
160.3595 0.1069
249.7377 0.1312
66.6125 0.1186
135.8616 0.1234
47.7719 0.0921
69.5463 0.1274
116.9379 0.0799
97.6822 0.1615
108.2286 0.1252
108.6605 0.0752
122.4365 0.1177
211.1775 0.1124
45.0946 0.0693
114.2656 0.1124
88.3508 0.1522
61.1585 0.1362
77.8575 0.0568
180.2665 0.0832
246.1016 0.0906
173.4376 0.1143
173.7615 0.1287
284.6533 0.0950
138.6930 0.1143
176.3109 0.1355
76.5153 0.1600
94.6854 0.1421
227.9647 0.0814
157.4930 0.0787
90.2529 0.1071
17.3204 0.2301
240.2381 0.1011
172.3956 0.1082
87.6810 0.1019
70.8840 0.1533
220.6085 0.1134
29.9557 0.1426
32.0003 0.1324
49.1403 0.1315
26.8764 0.1502
211.9233 0.1111
53.6835 0.1897
25.8291 0.0514
55.5439 0.0582
69.5045 0.1260
70.9194 0.0983
153.5632 0.1172
104.8148 0.1405
55.4150 0.2266
58.6727 0.1514
70.1826 0.0618
64.0281 0.1895
56.0897 0.1512
216.0779 0.1237
136.5206 0.0632
247.4843 0.0971
91.8749 0.2036
103.3017 0.1078
39.6936 0.0803
145.8567 0.1051
230.6822 0.0966
77.5990 0.1888
89.6046 0.1118
146.8339 0.1371
161.9097 0.1372
162.1754 0.1334
202.2547 0.0827
168.8702 0.1074
64.1126 0.0628
175.7742 0.1223
232.0810 0.1167
28.9045 0.2328
133.0041 0.1332
81.3604 0.1433
41.8939 0.2027
100.4484 0.0877
117.6380 0.1522
103.0262 0.1712
72.2337 0.1118
97.6230 0.1330
131.5078 0.0766
51.2854 0.2005
123.5807 0.1874
74.0630 0.1726
238.9548 0.0989
44.3538 0.2008
107.3628 0.1422
90.8850 0.1520
126.4950 0.1381
229.0769 0.0950
143.4703 0.1081
197.3933 0.1247
49.8306 0.2066
58.4383 0.1393
108.8058 0.1592
51.9723 0.1507
150.6539 0.1127
119.6874 0.1623
162.2838 0.1202
130.0939 0.1550
126.5832 0.1786
97.0917 0.1815
210.8742 0.0792
150.3796 0.1122
96.3437 0.0798
18.1133 0.1237
91.8311 0.0710
115.1915 0.1469
86.2088 0.1321
117.7117 0.1287
76.2885 0.1491
149.0497 0.1138
102.0869 0.1374
56.1375 0.1477
35.7297 0.2148
138.2609 0.1410
101.1124 0.1326
81.8396 0.1116
36.4104 0.2094
66.9067 0.1847
119.7627 0.1463
114.2628 0.1571
175.5267 0.1007
133.1735 0.1692
76.2147 0.1704
57.5265 0.1997
42.9175 0.1612
140.7140 0.1234
102.5016 0.0965
66.1184 0.1744
49.9513 0.0803
55.7947 0.1859
176.0146 0.1253
206.2490 0.0939
160.5031 0.0614
167.9386 0.1081
147.8033 0.1288
87.1196 0.1848
15.8166 0.0145
140.4717 0.1496
91.8232 0.1815
137.3815 0.1709
162.8957 0.1205
46.4711 0.1041
130.7685 0.1045
155.5714 0.1101
149.7505 0.1547
122.5452 0.0553
167.8142 0.1403
157.3420 0.1452
227.9019 0.1016
137.2562 0.1076
105.4048 0.1790
90.7125 0.1793
68.6618 0.1105
54.3936 0.0518
54.1983 0.1278
40.8547 0.0870
75.7384 0.1342
75.1987 0.1181
66.3780 0.1919
106.1850 0.1110
138.3677 0.1338
112.4597 0.0849
50.1547 0.1158
82.6129 0.1254
111.6695 0.0714
35.3502 0.1975
131.1902 0.1706
160.7043 0.1396
55.7746 0.1646
63.0915 0.0824
25.1854 0.1776
121.7929 0.1479
42.4004 0.1617
53.5226 0.2113
17.6817 0.0307
183.6831 0.1260
207.1557 0.1285
18.5797 0.2211
108.0121 0.0881
99.7326 0.1081
49.4077 0.1938
209.7326 0.0625
190.8777 0.1032
51.0768 0.1442
147.6747 0.0921
300.7877 0.1686
91.9695 0.0991
108.8980 0.1666
86.0429 0.1316
107.9971 0.1365
120.7280 0.1516
15.7667 0.1445
25.5586 0.1026
189.2160 0.1185
86.3096 0.0684
64.3479 0.1561
188.8652 0.1226
161.8502 0.1212
111.2121 0.0949
91.0972 0.1889
42.8078 0.2425
117.4850 0.1283
123.1646 0.1357
107.8139 0.1362
258.7004 0.1231
139.7339 0.1245
195.3992 0.0925
107.2119 0.1316
179.8749 0.1620
108.1939 0.0720
102.1330 0.1118
40.4657 0.1533
107.9607 0.0350
89.1092 0.1728
86.8487 0.1319
191.7635 0.1046
54.5171 0.2071
86.2828 0.1573
135.6016 0.0604
55.2965 0.1284
89.4057 0.1663
131.0945 0.1516
55.9006 0.1045
175.6892 0.0820
213.7737 0.0890
162.4136 0.1310
73.5217 0.1451
50.2796 0.1286
124.6503 0.1697
34.7881 0.1705
93.3457 0.0908
213.9001 0.1118
128.7730 0.0764
156.6670 0.1355
78.3379 0.0559
97.3252 0.1289
58.9642 0.1836
31.3195 0.1767
117.0555 0.1168
114.6030 0.1241
43.5607 0.1754
125.6617 0.0819
225.4092 0.1135
159.4737 0.0837
150.2825 0.1236
137.0212 0.0994
75.1888 0.2052
183.1309 0.0906
109.4006 0.1257
35.4036 0.1662
69.8956 0.0679
123.1547 0.1650
117.4749 0.1423
80.6520 0.1331
102.5593 0.1318
173.4798 0.1148
86.4587 0.1762
163.2280 0.0948
16.8189 0.2120
292.3424 0.0872
19.0486 0.1216
67.6458 0.2087
106.9701 0.1716
37.8485 0.1090
82.7046 0.1685
55.1782 0.1629
180.5757 0.0665
248.8148 0.1036
116.6649 0.0836
28.0311 0.2273
108.5727 0.1294
64.7204 0.0683
89.0651 0.1517
85.9922 0.1096
59.0520 0.1452
145.9293 0.1427
162.2559 0.1461
75.4482 0.1423
78.4242 0.1363
108.4473 0.1098
145.0308 0.1388
196.4714 0.1204
76.2929 0.1610
129.8641 0.1021
161.9492 0.1096
237.3730 0.0855
24.8064 0.1934
50.2431 0.1461
126.2384 0.1420
20.9144 0.1956
149.6152 0.1147
53.7027 0.1257
34.2529 0.1529
60.2982 0.1320
138.2033 0.1323
58.4221 0.0919
17.5705 0.1447
69.2232 0.1829
195.3754 0.1113
108.3054 0.1521
110.7818 0.1601
82.9142 0.1478
79.8737 0.1595
115.1815 0.1085
293.6045 0.0710
23.3458 0.1748
54.0729 0.0866
131.8957 0.0775
115.9850 0.1337
103.7633 0.0522
57.2161 0.0873
118.1525 0.1199
139.5700 0.0835
71.6995 0.2100
242.3689 0.1620
66.8012 0.1158
192.7263 0.1030
197.3877 0.1340
39.5708 0.2146
110.0827 0.1518
185.9260 0.0709
130.8935 0.1075
237.4702 0.0678
168.2837 0.1022
76.5650 0.1925
78.3182 0.0679
227.2846 0.1195
217.0890 0.1095
101.1878 0.1332
142.8293 0.1299
174.5688 0.1521
46.9065 0.1560
147.4219 0.1300
208.0369 0.1180
80.9090 0.1552
211.3439 0.1035
102.0759 0.1197
111.7765 0.1420
74.4069 0.0937
171.6764 0.0929
130.0051 0.0702
30.6366 0.1178
24.3577 0.1138
131.2658 0.1617
237.7089 0.1023
67.4558 0.1299
132.5468 0.0669
58.8806 0.1721
104.0896 0.0852
61.8042 0.2265
73.6714 0.1485
96.2683 0.1040
243.5229 0.0770
75.6295 0.1826
95.6084 0.1796
95.5594 0.1142
58.3566 0.1543
251.6577 0.1045
81.5536 0.1362
100.4922 0.1338
48.9256 0.1747
189.7017 0.1077
66.0668 0.0646
113.9712 0.1147
87.1149 0.1281
80.3662 0.0935
83.8475 0.1955
205.8659 0.1325
74.4057 0.1737
185.2967 0.1247
87.7983 0.1711
142.3530 0.0835
53.1559 0.1031
159.3315 0.1444
172.5198 0.1046
81.3120 0.0756
129.7236 0.0929
219.8269 0.1375
261.2734 0.1569
72.0524 0.1010
151.1187 0.1079
55.3335 0.1166
94.2347 0.1633
38.5865 0.1722
122.4863 0.0961
63.7774 0.1750
84.1277 0.1393
137.2119 0.1292
124.5641 0.1315
94.7411 0.1223
29.8306 0.0867
202.3575 0.0844
141.7935 0.0805
37.5434 0.1637
151.1189 0.1384
71.2051 0.1445
134.9705 0.1282
123.5953 0.0939
217.9363 0.1090
81.0751 0.1130
204.4187 0.1313
102.5048 0.1466
68.8285 0.1247
86.1179 0.1119
64.3678 0.1486
82.7087 0.1182
94.5176 0.1527
105.1203 0.1063
105.7972 0.1503
57.5886 0.1120
84.5719 0.0766
191.1995 0.1508
219.4426 0.1143
200.2883 0.1470
208.8971 0.0991
146.3519 0.1022
151.9774 0.1328
164.2484 0.1603
192.4773 0.1470
190.1393 0.1407
20.2612 0.1794
79.2987 0.1401
87.1039 0.1237
128.5572 0.1092
116.0514 0.0775
103.5845 0.1360
70.5348 0.1459
161.8799 0.0991
186.1488 0.1215
246.8550 0.0908
75.8948 0.0828
155.7346 0.1428
177.3332 0.1049
145.8952 0.1075
180.7524 0.1210
116.2114 0.1310
104.5105 0.1082
101.8002 0.1025
105.8642 0.1940
150.3970 0.1658
27.0829 0.1097
166.3475 0.1676
262.4067 0.1384
116.7696 0.1295
55.4047 0.1451
86.4735 0.1213
38.7627 0.1807
211.3011 0.1134
74.9077 0.1816
117.5695 0.0939
144.8632 0.0941
124.0135 0.0894
123.2807 0.1331
65.8440 0.2169
48.1322 0.1766
25.1473 0.1057
42.0767 0.0539
53.0269 0.1284
19.1586 0.1780
248.0274 0.1326
82.7834 0.1482
81.9852 0.1085
89.7846 0.1715
99.7197 0.0929
113.4150 0.1044
118.2792 0.1121
41.0698 0.1275
69.8189 0.1497
84.8901 0.1501
204.2364 0.1232
20.3862 0.0828
80.9545 0.1519
65.7448 0.1681
71.2960 0.0875
246.2755 0.1153
123.3961 0.1039
22.6036 0.2212
127.1263 0.1386
126.7171 0.1565
264.2480 0.1209
80.4996 0.0889
135.2986 0.1015
223.2291 0.1005
135.5383 0.1220
49.8466 0.1366
187.1049 0.0347
138.6928 0.1195
128.3157 0.1718
164.1971 0.1300
177.6328 0.1146
240.1804 0.0971
168.6434 0.1155
79.9712 0.0984
99.7332 0.1752
124.7776 0.1735
175.0835 0.1135
238.9847 0.0862
54.3253 0.1153
107.7907 0.1004
87.6526 0.1743
58.2757 0.1232
204.7462 0.0920
40.0062 0.1578
93.3637 0.1664
37.0171 0.0948
196.6198 0.1211
71.0468 0.1061
116.4788 0.1516
187.7412 0.1142
60.3724 0.1265
8.1775 0.2402
100.9482 0.1633
113.9420 0.1570
36.2972 0.1110
161.0613 0.1175
176.0667 0.1041
27.0175 0.1357
129.0964 0.1039
92.7974 0.1123
133.8191 0.0990
101.3919 0.1578
65.7077 0.1056
81.1891 0.0890
133.5301 0.1580
193.2523 0.0647
116.3744 0.1050
95.2410 0.1767
84.8356 0.1785
68.2794 0.1671
124.6599 0.0932
5.7991 0.2189
49.8502 0.1500
42.5497 0.1018
219.1967 0.1114
166.4030 0.1117
160.0048 0.1045
224.4578 0.1442
69.0636 0.0937
184.5659 0.1450
27.2624 0.0888
106.4708 0.1409
175.6649 0.0932
142.8356 0.0840
83.9540 0.1469
36.6104 0.1280
72.1233 0.1124
66.7025 0.1181
133.5085 0.1086
189.6766 0.1054
58.8497 0.2302
125.4172 0.1326
47.0772 0.0623
34.1851 0.2019
24.5684 0.1510
97.6848 0.1284
51.3892 0.1499
168.7008 0.1034
205.3162 0.1031
163.6390 0.1070
53.5341 0.1636
59.7696 0.2133
155.3953 0.0998
154.6672 0.1123
101.0417 0.0973
86.6720 0.1355
221.2451 0.1214
87.5566 0.1364
197.1717 0.1188
156.0368 0.1905
98.3019 0.1248
105.9105 0.1256
7.9237 0.2817
242.0493 0.1038
28.8286 0.1734
51.4277 0.0902
169.9389 0.1000
74.0636 0.1167
210.3274 0.0935
37.2023 0.1652
236.2469 0.1315
160.8345 0.1152
177.4035 0.1505
135.4735 0.0463
104.8481 0.1360
71.9836 0.1910
212.2286 0.0738
165.9507 0.0934
48.7724 0.1417
87.7794 0.1427
188.8270 0.1108
33.2212 0.0400
153.8794 0.0882
96.8425 0.1513
56.9400 0.0812
184.4902 0.1213
65.4254 0.0729
182.2178 0.1230
160.1903 0.1819
124.8141 0.1107
57.3811 0.0826
121.1272 0.1234
98.7492 0.1475
13.9567 0.2003
120.2393 0.1191
165.8983 0.1280
166.7442 0.1368
186.8388 0.1055
112.4254 0.0994
86.3974 0.1832
233.6679 0.0741
218.3313 0.1206
159.9724 0.1472
87.0509 0.1098
135.2869 0.1111
77.1908 0.1766
204.5929 0.1441
107.4403 0.1396
104.6852 0.1231
209.8935 0.1110
76.1831 0.1261
15.8545 0.1659
174.6850 0.0945
74.3414 0.1539
127.6730 0.1149
105.1358 0.1130
152.1639 0.0685
100.7500 0.1529
151.3443 0.1271
163.9042 0.1220
117.8975 0.1254
117.8062 0.0832
166.1084 0.1253
211.7824 0.0550
141.7068 0.1382
49.6350 0.1978
132.1883 0.0660
132.1581 0.0974
77.0508 0.1030
120.4188 0.1023
118.6232 0.1612
90.3965 0.2071
72.1033 0.1269
115.3872 0.1433
190.2240 0.1048
169.3908 0.1180
45.5806 0.1988
63.3687 0.0950
187.6589 0.1315
69.8562 0.1726
157.4070 0.1584
57.1931 0.1910
112.0705 0.0625
179.9279 0.1166
179.0831 0.1268
142.3839 0.0992
69.2795 0.1143
103.4337 0.1682
61.0263 0.0915
178.7620 0.1207
35.0553 0.1196
129.7708 0.1578
36.8831 0.0770
38.9589 0.2081
65.7829 0.0882
56.2747 0.0864
86.8146 0.1989
63.9997 0.1517
284.6840 0.1105
128.6445 0.1360
24.7234 0.1374
14.1261 0.0599
74.6236 0.0728
217.3396 0.1126
146.7095 0.1336
76.7684 0.1291
118.2955 0.1815
176.6814 0.1220
66.4068 0.1116
87.1797 0.0452
49.7752 0.1285
162.9200 0.1201
90.3231 0.1040
93.2450 0.1610
188.3398 0.1158
92.6879 0.1411
107.3089 0.1361
93.6841 0.1420
162.3696 0.1085
104.4491 0.1079
45.6483 0.1853
130.8955 0.1624
156.4914 0.1393
147.1227 0.1270
150.7952 0.1212
68.4877 0.1671
162.3362 0.0867
220.3096 0.0569
157.4586 0.1426
80.5576 0.1061
107.8196 0.1593
60.4809 0.1451
187.1110 0.1051
75.4520 0.1259
229.8639 0.1218
74.5587 0.1332
34.3433 0.1852
150.1404 0.0972
107.5867 0.1106
59.1365 0.1482
195.7269 0.1119
114.6860 0.1520
77.6889 0.0987
176.7578 0.1342
186.1534 0.0803
35.3664 0.2277
89.9898 0.1312
194.5618 0.0897
41.2074 0.0919
74.7466 0.1190
55.0792 0.1847
203.2497 0.1386
90.6264 0.1575
165.0318 0.0515
85.0161 0.1275
50.9672 0.1175
103.3808 0.2013
194.8820 0.1127
146.9012 0.1212
55.8502 0.1493
60.9286 0.0846
132.9269 0.1497
117.3709 0.1413
137.3247 0.1283
54.1703 0.1998
135.6409 0.1415
59.3272 0.0921
48.9098 0.1225
65.9563 0.0314
208.4265 0.1016
130.5644 0.0696
98.4271 0.1794
192.4801 0.0834
245.8733 0.1452
192.0746 0.1158
69.9410 0.1696
144.4294 0.0541
81.4125 0.1734
157.8946 0.0644
82.3812 0.2300
83.2787 0.1320
42.9164 0.1000
76.8302 0.1828
125.8574 0.1604
87.8046 0.1541
58.2695 0.0895
104.5431 0.0796
201.5174 0.1155
102.1436 0.1216
103.0957 0.1465
165.1843 0.1477
163.9911 0.1321
217.5123 0.0983
156.7773 0.1224
29.0293 0.1328
84.2551 0.1038
39.6484 0.1995
109.9082 0.1052
208.7656 0.0877
119.3315 0.1058
34.6198 0.1839
50.7811 0.1028
212.2127 0.1336
62.6521 0.1430
247.5273 0.1388
226.8722 0.1003
59.6546 0.1066
97.6247 0.1211
75.6064 0.1642
151.0837 0.1294
153.2745 0.1012
143.2896 0.1306
44.3269 0.2017
143.5767 0.1397
164.5818 0.0957
167.8576 0.0891
126.2624 0.1242
175.0595 0.0986
140.3886 0.1135
69.1121 0.1232
181.9080 0.0960
139.8489 0.1575
49.7419 0.1830
196.5848 0.1019
100.6358 0.1329
51.6146 0.1429
54.2756 0.1967
19.2339 0.1327
163.3520 0.1386
83.1012 0.1028
213.0428 0.1218
28.5064 0.1935
82.8425 0.1027
85.8804 0.1533
179.9161 0.1201
92.7654 0.1327
60.1912 0.0270
219.9274 0.0727
70.7160 0.1897
209.1332 0.1173
101.8150 0.1084
71.6067 0.1810
113.6605 0.1188
75.6409 0.1928
105.3319 0.1520
121.5987 0.1638
95.1106 0.1257
125.9616 0.1210
22.5746 0.0232
43.2988 0.1492
137.3532 0.0763
123.1888 0.1139
177.2839 0.0848
167.0350 0.0908
141.9486 0.1230
30.8538 0.1561
65.5774 0.2035
106.7881 0.1125
131.7989 0.1772
52.8615 0.1758
108.3071 0.1471
95.4181 0.1728
21.3509 0.1512
101.2031 0.0617
14.0053 0.0503
155.7081 0.1209
133.4366 0.1142
29.4585 0.2273
141.4623 0.0553
158.8269 0.1244
125.7796 0.0420
76.2706 0.0796
128.6379 0.1250
153.3205 0.1115
276.2215 0.1176
119.6061 0.1347
19.7247 0.0573
148.3416 0.1603
118.3292 0.1394
39.5784 0.1270
253.7355 0.1217
145.6635 0.1574
232.1490 0.1489
47.7301 0.1311
39.5011 0.1401
200.5522 0.1014
129.5996 0.1550
227.8082 0.1280
124.9834 0.0996
86.2368 0.0844
65.6236 0.1754
89.3886 0.0964
60.9563 0.1230
103.8051 0.1547
46.7673 0.1165
131.1714 0.1313
28.9717 0.1282
104.0292 0.0887
115.0227 0.1796
93.5328 0.1345
128.4703 0.1409
135.8580 0.0756
183.7102 0.1469
125.8303 0.0768
26.4669 0.1960
44.5578 0.1832
129.9017 0.1467
84.3769 0.1328
178.7307 0.1168
56.0390 0.1049
48.7861 0.1020
140.6995 0.1074
84.6801 0.0506
120.4732 0.1132
22.5445 0.1354
66.9770 0.1068
86.2594 0.0966
47.9754 0.1361
127.1245 0.1454
68.5456 0.1636
140.4472 0.1431
123.0082 0.1727
126.9264 0.1884
183.4851 0.0955
114.5737 0.1314
64.2110 0.0630
77.0423 0.0535
82.2810 0.1112
73.0407 0.1331
105.3452 0.1515
53.1705 0.1578
60.3032 0.1273
114.9813 0.0862
122.4203 0.1300
46.6703 0.0965
114.3496 0.1171
134.5946 0.1041
146.5556 0.1216
117.8049 0.1199
85.2277 0.1336
120.4987 0.1446
234.9363 0.0854
102.1985 0.0566
57.5306 0.1414
93.7418 0.1452
146.3852 0.0751
143.6995 0.1303
62.6332 0.0662
168.2319 0.1075
13.0864 0.1249
89.0928 0.1609
110.4003 0.1142
112.8608 0.1299
98.5199 0.1412
61.0178 0.1607
71.8274 0.0700
27.7725 0.1912
154.2211 0.1514
42.7796 0.1161
128.0587 0.1439
57.1413 0.1400
110.9141 0.1015
149.1567 0.0854
94.5053 0.1563
172.2831 0.1054
37.2604 0.0770
93.1756 0.0896
80.7717 0.1436
13.7279 0.1269
36.6912 0.0586
219.3898 0.1263
96.0868 0.1458
217.8738 0.1097
37.6167 0.2071
122.3711 0.1049
155.1160 0.1026
178.1783 0.0712
25.8613 0.2163
114.4835 0.1359
79.6864 0.2025
85.0677 0.1499
125.6617 0.0843
164.4302 0.1279
209.8441 0.1016
160.0213 0.1141
131.6838 0.0843
198.1209 0.1470
84.1232 0.0891
205.9963 0.1171
119.3020 0.1393
90.5926 0.1642
186.8431 0.0770
77.7006 0.1112
119.2037 0.1993
235.4255 0.1033
38.4370 0.1303
122.4311 0.1186
268.6710 0.1171
86.9340 0.0780
96.1416 0.1045
128.7757 0.1134
225.9226 0.1190
121.9164 0.1393
52.1209 0.1203
135.4420 0.1397
92.0416 0.0987
87.6823 0.1668
169.9856 0.1532
277.4060 0.1057
114.2995 0.1259
262.1152 0.1103
181.6164 0.1134
13.9641 0.0271
51.3816 0.1075
92.1954 0.1697
93.1513 0.0652
74.0686 0.1421
66.9894 0.0857
98.1916 0.1286
129.5170 0.1353
92.5374 0.1180
129.8526 0.1372
83.2201 0.1135
84.7972 0.1549
188.2056 0.0826
138.1800 0.1245
176.4119 0.1489
59.9650 0.0984
229.5014 0.0913
71.6974 0.1332
170.5951 0.1419
197.4868 0.1467
93.9576 0.1737
129.4369 0.1002
101.0666 0.1287
95.1253 0.0934
115.7072 0.1467
95.6489 0.2041
27.3965 0.1987
30.5455 0.2176
98.5973 0.1822
185.6401 0.0984
32.4438 0.2047
233.6917 0.0814
180.0007 0.1502
111.4936 0.1411
62.3280 0.0863
79.4671 0.1307
96.9759 0.1414
41.6924 0.1547
177.1889 0.1255
151.2130 0.0927
202.6753 0.0711
174.3598 0.1580
151.8188 0.1058
112.0930 0.1357
71.4852 0.1356
134.0807 0.1076
109.2786 0.1091
145.5716 0.1326
181.2442 0.1225
108.1746 0.0887
103.1902 0.0635
165.7541 0.0639
203.5133 0.1154
82.3722 0.1203
164.5513 0.1214
170.0920 0.1077
125.6904 0.1344
117.6192 0.1089
50.7932 0.1010
185.3226 0.1100
60.1559 0.1162
141.9111 0.1847
47.9426 0.2027
88.5858 0.1555
117.6983 0.1543
155.1119 0.1045
108.0500 0.1101
35.9862 0.2020
169.3414 0.1391
152.9986 0.1120
87.0915 0.1751
225.7668 0.0892
78.8687 0.1385
80.3400 0.1469
112.5200 0.0853
97.0243 0.1206
96.1108 0.1536
85.5888 0.1458
95.2740 0.1417
131.1801 0.1311
55.6978 0.1823
27.7092 0.1594
165.5402 0.0843
87.8811 0.0755
48.9194 0.1520
86.4553 0.0900
208.4794 0.1153
100.7664 0.1404
64.0649 0.1199
74.0497 0.1122
85.7681 0.0814
220.1926 0.1098
29.8976 0.1103
128.7604 0.0580
105.5465 0.1531
117.8777 0.1022
82.9684 0.0901
63.5026 0.1405
138.4201 0.0906
96.5682 0.0762
203.3018 0.0935
92.9097 0.1539
227.2612 0.0828
35.4703 0.1688
69.2757 0.1418
95.4443 0.1846
71.6194 0.1892
71.6669 0.1451
26.9039 0.1775
54.2345 0.1365
24.3448 0.0526
120.8641 0.1415
149.8190 0.1021
131.6193 0.1186
88.0734 0.0876
44.9965 0.1471
99.5464 0.1076
43.3596 0.1770
127.7089 0.1065
197.7776 0.0859
202.9745 0.1264
118.9699 0.1643
124.1648 0.1047
49.9195 0.1880
58.6449 0.1139
37.8095 0.1061
86.1313 0.1609
176.7580 0.1238
127.5876 0.1249
91.2095 0.1503
125.3602 0.1548
150.4313 0.0858
204.3273 0.1088
63.3919 0.2172
186.8319 0.1279
123.0537 0.0798
90.5946 0.1177
161.5610 0.1489
128.2393 0.1652
102.3902 0.1402
188.5580 0.1072
79.6626 0.1266
136.2172 0.1216
145.3519 0.1109
224.3250 0.1328
71.6223 0.2047
122.3954 0.1545
144.5936 0.1410
103.5149 0.1452
161.4138 0.1316
124.9999 0.0548
51.9804 0.0965
93.7892 0.0495
230.6936 0.1286
113.0320 0.1484
73.4224 0.1177
150.0025 0.1372
249.1524 0.0938
142.1324 0.1396
40.3378 0.1837
128.1262 0.1327
218.5320 0.1227
109.8978 0.1362
53.3342 0.1558
132.1297 0.1558
48.5030 0.2004
58.0034 0.1871
115.3901 0.1203
108.7708 0.1329
217.6329 0.1109
195.0958 0.1284
62.2315 0.1275
58.1372 0.1820
19.8213 0.1678
252.1832 0.1036
68.5031 0.1735
134.9604 0.1254
139.2746 0.0974
101.9717 0.1268
209.6493 0.1117
87.8567 0.1150
85.4312 0.1573
95.9370 0.0530
44.0318 0.1605
89.2613 0.1112
104.0312 0.1158
129.6652 0.1324
112.8986 0.0604
50.9958 0.1857
156.3951 0.1416
165.1497 0.1155
94.9547 0.1739
102.8201 0.1506
60.5173 0.0420
42.4849 0.1257
127.3555 0.1378
130.7265 0.0795
40.7632 0.1120
128.8591 0.1450
184.7809 0.1014
55.7133 0.1757
97.7449 0.1069
139.8567 0.1016
73.6492 0.0961
96.8269 0.1613
178.8108 0.0839
61.0354 0.0443
190.8502 0.1302
77.3626 0.1514
140.7567 0.1117
113.6512 0.1489
121.0397 0.1545
222.6712 0.0880
140.5600 0.0974
190.0019 0.0953
66.1887 0.1237
250.8007 0.1434
42.9198 0.1746
258.4308 0.0559
203.8615 0.0859
17.4677 0.0672
21.8508 0.1777
165.0195 0.1158
84.0169 0.0995
107.2129 0.1146
79.6521 0.1829
18.6617 0.2234
95.0618 0.1676
243.6439 0.1210
156.8443 0.0838
48.3267 0.0945
70.5331 0.1602
138.5959 0.1479
49.4852 0.2240
132.7571 0.1281
80.6106 0.0980
278.3022 0.1297
155.9875 0.1294
110.0639 0.1542
110.9023 0.1137
121.3721 0.1138
212.7589 0.1031
52.3291 0.1408
170.6042 0.1547
111.7619 0.1352
52.0137 0.1068
90.3160 0.1270
133.9349 0.1613
20.4443 0.1290
84.5334 0.1713
27.8010 0.2247
60.0131 0.1909
64.0493 0.0935
49.7090 0.1290
127.1550 0.1101
38.1289 0.1524
14.9897 0.0336
25.6957 0.1902
139.3133 0.1222
167.1975 0.0832
23.9588 0.1302
77.2486 0.0592
93.0599 0.1055
47.7644 0.1579
27.0538 0.1941
99.4844 0.1693
62.5583 0.0941
205.4364 0.1022
160.9782 0.1265
112.5108 0.1129
123.8014 0.1556
111.4939 0.1256
126.4499 0.1436
191.6446 0.1197
25.9383 0.2030
171.3598 0.1122
82.2782 0.0960
106.1099 0.1233
58.0399 0.1528
58.7817 0.0768
85.9025 0.1081
106.5653 0.1443
127.6143 0.0791
145.8814 0.0877
55.1897 0.1086
72.4838 0.1071
84.7937 0.1350
156.7777 0.1650
120.8472 0.1073
113.6131 0.1422
106.0620 0.1114
167.2925 0.1507
179.9857 0.0681
72.9931 0.0481
75.7955 0.1410
92.4606 0.1710
51.4052 0.1261
168.5005 0.0941
149.3168 0.1316
70.0528 0.1700
87.5645 0.1760
193.2416 0.1062
111.0544 0.1437
70.9134 0.1291
73.2283 0.2040
171.7982 0.1161
209.8188 0.1281
223.2499 0.0976
235.2458 0.1028
67.7874 0.1757
223.7941 0.1222
231.2172 0.1043
166.3972 0.1074
137.0122 0.0872
104.9086 0.1161
255.6922 0.1020
47.5552 0.1902
59.5191 0.0248
198.5065 0.1253
161.1730 0.1372
138.4477 0.1054
20.5267 0.1271
103.9776 0.0876
185.8465 0.1098
195.1789 0.0980
9.3875 0.2010
11.8322 0.1436
53.1935 0.1017
161.9356 0.1199
173.9356 0.1294
238.1724 0.1209
226.2553 0.1180
104.3986 0.1138
67.8563 0.0784
139.9435 0.0580
66.7306 0.0489
197.0404 0.0742
129.6895 0.1220
53.9808 0.1231
154.5727 0.1351
114.5914 0.1915
141.1580 0.1172
68.7246 0.2013
248.5859 0.0885
213.3460 0.1218
51.4688 0.1514
142.2079 0.1444
82.5246 0.1059
126.9390 0.1793
141.5247 0.1301
41.8419 0.1465
255.9030 0.1085
122.6444 0.1803
241.6476 0.1150
47.9273 0.1758
216.8362 0.1020
206.5434 0.1100
69.3558 0.1426
217.6921 0.1106
77.4233 0.0796
114.6476 0.1371
83.1861 0.1266
43.3367 0.1892
110.8712 0.1054
124.5647 0.0625
21.5683 0.1547
172.2332 0.1182
128.9495 0.1194
132.2615 0.1063
25.6724 0.1070
34.4928 0.1991
109.2649 0.1650
76.9280 0.0930
97.3634 0.1779
33.8774 0.1863
103.5043 0.0999
39.5015 0.2048
119.1406 0.0828
35.2559 0.2196
65.5553 0.0836
177.2127 0.1142
89.3302 0.2082
71.0688 0.1096
141.5804 0.1598
54.6470 0.2172
222.4493 0.1384
90.8628 0.0775
77.1898 0.1527
251.7182 0.0696
160.7927 0.1177
189.6928 0.1394
76.8141 0.1623
34.3684 0.1941
183.3812 0.1109
52.4964 0.1138
127.3109 0.1367
254.4819 0.1130
95.2284 0.1784
218.3642 0.1301
62.2739 0.1310
101.9424 0.1388
48.3738 0.1795
135.8215 0.1194
165.9272 0.0948
38.7541 0.2142
125.1657 0.1296
181.4239 0.0994
157.8950 0.1709
89.9651 0.1956
101.8272 0.1302
236.2426 0.1324
166.2750 0.1222
81.3330 0.1232
97.6469 0.1166
106.4693 0.1266
55.3572 0.1950
295.5251 0.1270
222.9760 0.1230
188.3647 0.1264
87.6939 0.1356
131.8000 0.1403
246.0374 0.1300
103.6118 0.1303
70.1499 0.0717
197.3037 0.1055
80.7658 0.1045
54.3208 0.1544
60.1310 0.1762
30.1345 0.1776
43.1022 0.1132
85.8849 0.1061
160.5114 0.0653
56.6347 0.0519
127.2211 0.0909
107.9473 0.1349
141.3635 0.1364
39.9563 0.1576
142.3682 0.0500
148.3064 0.1096
47.7833 0.1703
65.4974 0.1894
71.8319 0.2090
127.6548 0.0681
129.8950 0.1457
132.0295 0.1252
218.4704 0.0948
111.3458 0.0871
252.9568 0.1117
160.9925 0.1110
253.0188 0.1047
130.9064 0.0906
80.2648 0.1238
31.3993 0.1316
45.1216 0.1901
95.8568 0.1336
165.7239 0.1401
194.1492 0.1127
86.1710 0.1034
53.1960 0.1769
186.2561 0.0769
83.1882 0.1063
39.5365 0.1998
70.9795 0.1686
94.8964 0.1474
108.1262 0.1474
171.8276 0.0749
100.0282 0.1624
137.8789 0.0929
106.4089 0.1693
103.3414 0.1459
227.5851 0.0953
208.0062 0.0909
196.4662 0.1351
111.5678 0.1270
114.0229 0.1544
180.3810 0.0719
97.6964 0.1394
171.1695 0.0490
78.4430 0.1614
117.5917 0.1384
80.0782 0.1091
133.2244 0.1354
120.5258 0.1654
189.7513 0.0953
190.1129 0.1073
210.0958 0.1013
144.3267 0.0750
125.1367 0.1141
41.5238 0.1152
107.6442 0.1392
86.8972 0.1320
62.3626 0.0222
168.8170 0.0991
201.5264 0.1249
264.8686 0.1417
29.1342 0.1987
122.2163 0.1245
95.8851 0.0900
53.4649 0.0783
248.9953 0.1296
20.5355 0.1820
91.9576 0.1168
110.2099 0.1342
123.7776 0.1641
116.1441 0.1603
125.2136 0.0552
168.3381 0.1263
139.0365 0.1053
189.5773 0.1078
237.3834 0.1044
147.7040 0.1470
60.3213 0.1340
163.1247 0.1222
67.7667 0.1315
195.6749 0.1179
135.2344 0.1416
125.3117 0.2135
206.1069 0.1151
112.4109 0.1481
119.0588 0.1237
166.7652 0.1331
116.6938 0.1067
68.2727 0.0833
59.3390 0.0676
203.0362 0.1252
160.1311 0.1071
108.5572 0.1363
17.1733 0.0361
189.2696 0.1161
100.5758 0.1030
216.5568 0.0825
123.4712 0.1226
89.8287 0.1596
102.8418 0.1147
29.1332 0.1504
84.8225 0.1513
86.1097 0.0986
91.2015 0.1728
19.6049 0.2505
178.6649 0.0942
172.3930 0.1146
100.9440 0.1616
18.4840 0.1406
122.9291 0.1038
205.8826 0.0851
215.2201 0.0743
110.2710 0.1277
216.0092 0.0843
28.7225 0.1539
45.6462 0.0629
81.9588 0.0870
109.0186 0.1158
265.3227 0.0901
105.3445 0.0865
196.9326 0.0968
206.5774 0.1147
112.9278 0.1588
113.8159 0.1338
135.3081 0.1007
40.8277 0.1912
126.5644 0.1262
134.0495 0.1679
103.1785 0.1496
56.7564 0.0902
131.9624 0.1462
134.3396 0.1516
121.8937 0.1175
87.1333 0.0857
60.4760 0.1455
169.0066 0.1162
130.5122 0.0897
120.9527 0.0825
203.8163 0.1280
64.3383 0.1250
78.2469 0.0792
72.0750 0.2475
93.9454 0.1181
139.8094 0.1275
225.7887 0.0720
93.7062 0.1224
122.7284 0.0991
60.7099 0.1281
148.7703 0.1466
72.5207 0.0861
126.7469 0.1577
160.7531 0.1716
84.7503 0.1090
199.1330 0.1181
216.8101 0.1162
103.0651 0.0818
233.5261 0.1047
169.3266 0.1237
99.7362 0.1258
79.9038 0.1570
164.4250 0.1361
234.7038 0.1312
109.2043 0.1443
30.5125 0.1166
119.1453 0.1641
119.3665 0.1459
282.0594 0.0807
152.2883 0.1053
131.4055 0.1302
181.9102 0.1139
134.2124 0.1355
177.2390 0.0515
78.1658 0.0986
258.5131 0.1036
153.3323 0.0750
155.1070 0.1128
211.4543 0.1136
204.5280 0.1180
171.1739 0.0866
89.3063 0.1598
131.4906 0.1460
128.5270 0.1095
112.1964 0.1194
77.7518 0.0521
94.5234 0.1209
84.4903 0.1309
63.2087 0.1747
129.1236 0.1402
250.2202 0.1159
181.7451 0.1346
95.2907 0.1996
257.1991 0.1196
67.1431 0.0621
199.1007 0.1276
135.5909 0.1113
137.0598 0.1188
69.7068 0.1212
102.4212 0.1046
181.1277 0.0646
127.9199 0.1039
153.7310 0.1305
89.6162 0.1605
209.4908 0.1034
207.3048 0.0801
154.1765 0.0920
231.4554 0.1191
261.1227 0.1087
88.5007 0.1146
59.9918 0.1684
35.0301 0.1707
122.5159 0.1486
220.0678 0.0885
71.5074 0.0741
102.9029 0.1378
111.6295 0.0743
172.8641 0.1656
211.1946 0.0944
98.1646 0.1601
184.0064 0.1144
137.8660 0.1136
145.0432 0.0754
151.2181 0.1553
189.8222 0.1062
219.5224 0.1125
123.2286 0.1575
193.2507 0.0973
96.2264 0.0944
64.9706 0.1153
238.0186 0.1013
120.8653 0.1578
57.7669 0.1842
97.7323 0.1713
24.5684 0.0600
91.9076 0.1300
104.9162 0.0981
232.2510 0.1114
102.0665 0.0952
234.6915 0.1318
176.3101 0.1130
130.7582 0.1252
76.9497 0.0895
170.9544 0.1086
128.0943 0.1201
132.6977 0.0717
122.5721 0.1106
173.3476 0.0955
228.1187 0.0892
115.7321 0.0910
100.1807 0.1555
101.9123 0.1269
160.9609 0.1240
152.2902 0.0882
172.0619 0.1436
216.1350 0.1098
43.1237 0.1897
167.8510 0.1301
62.3102 0.1229
86.9960 0.1281
113.8266 0.1133
101.1146 0.1227
93.5239 0.0724
233.1625 0.1408
90.8851 0.1241
75.3086 0.0984
118.5667 0.1106
95.8679 0.1532
134.4120 0.1363
82.7162 0.0646
78.9515 0.1164
132.8826 0.1230
86.2097 0.1338
173.1946 0.0801
61.3818 0.1878
38.7684 0.2420
67.1059 0.1150
66.9050 0.0774
23.0597 0.0957
108.0161 0.1556
134.1853 0.1414
83.5649 0.1907
37.8982 0.1154
135.3618 0.1098
117.9146 0.1680
100.6520 0.1148
36.5323 0.2329
197.4020 0.1331
179.6576 0.1606
98.7642 0.0939
233.1694 0.1141
92.6517 0.1069
73.3901 0.1783
143.5744 0.0875
43.7055 0.2263
77.0731 0.1384
82.9533 0.1015
84.9679 0.1807
119.4277 0.0530
66.4277 0.0922
109.4493 0.0863
217.4024 0.0575
70.3922 0.1540
35.5803 0.1536
82.5202 0.1038
59.8888 0.0658
92.9440 0.1152
163.3934 0.0988
101.3157 0.0897
134.4252 0.1360
130.9759 0.1190
191.6866 0.0679
58.0653 0.2091
57.3365 0.1431
103.2690 0.1452
175.6309 0.1198
111.0184 0.1232
27.2043 0.1757
103.8780 0.0989
207.6329 0.1066
53.7425 0.0831
70.2321 0.1574
32.0900 0.1580
94.7761 0.1985
130.5524 0.1395
109.3551 0.1404
53.5404 0.2093
80.3209 0.1771
51.2279 0.0578
50.8737 0.0743
221.7693 0.0776
193.7351 0.0852
233.6309 0.0823
143.2444 0.1343
137.0125 0.1203
110.8554 0.0916
45.4536 0.1890
85.8813 0.1404
64.7436 0.1393
39.3563 0.2196
69.1003 0.1269
51.2047 0.1832
84.5796 0.1309
53.8932 0.0804
216.1807 0.1460
33.9595 0.2190
63.7339 0.0846
82.8178 0.0610
57.4323 0.1182
121.4605 0.1315
143.8154 0.1180
122.8270 0.1141
51.0966 0.1660
169.2160 0.1302
101.4697 0.0871
165.4425 0.0837
62.0741 0.2110
104.8177 0.1368
38.8961 0.1988
93.9280 0.1075
155.1980 0.1180
40.2074 0.0579
192.6591 0.0938
113.6165 0.1520
103.8875 0.1350
143.1740 0.1167
257.4987 0.1088
53.3263 0.1167
104.7584 0.0868
66.9789 0.0968
116.4547 0.1300
136.1655 0.0987
70.9294 0.1416
99.0065 0.1116
40.3368 0.1723
62.9147 0.1067
47.2852 0.1995
179.5048 0.0900
163.2963 0.1225
84.1131 0.1031
147.7247 0.1701
148.4054 0.1057
101.7894 0.1191
86.6552 0.1082
116.5733 0.1474
35.1092 0.1051
240.5289 0.1087
175.7555 0.0666
120.7058 0.1603
130.2045 0.1457
62.7857 0.1888
30.4586 0.0896
39.9855 0.1222
113.3182 0.1466
80.9275 0.1993
42.8087 0.1286
115.6384 0.1125
225.2488 0.0700
120.7470 0.1743
19.1811 0.2024
80.4816 0.1386
51.6148 0.0788
118.3313 0.1419
37.2802 0.2325
62.3612 0.1083
150.9117 0.1569
105.6584 0.1243
75.1789 0.1280
8.7328 0.2394
214.6610 0.1346
194.4336 0.1026
118.6270 0.1333
148.9137 0.1474
48.9447 0.1727
61.1987 0.1782
193.7899 0.1000
49.9585 0.1518
175.6540 0.1252
227.3073 0.0989
86.1507 0.1573
60.4430 0.1315
170.2535 0.1120
62.7366 0.2093
237.0174 0.1153
125.7268 0.1558
57.6959 0.0349
32.4498 0.1870
135.3087 0.0394
265.6329 0.1120
84.8242 0.1091
68.0414 0.1200
72.4562 0.1326
169.6376 0.1516
149.7447 0.1136
34.9427 0.1882
46.4611 0.1986
208.9504 0.0944
118.1850 0.0996
91.2534 0.1421
14.4743 0.2164
18.6917 0.1416
33.7882 0.1397
16.2826 0.0459
129.0174 0.1234
152.5592 0.0916
62.2871 0.1637
33.3402 0.1273
75.9131 0.1358
130.0131 0.1143
123.2634 0.1025
102.4535 0.1053
195.0167 0.0796
135.2101 0.1264
25.9414 0.1881
105.1817 0.1134
158.9309 0.1199
230.0904 0.0796
37.3184 0.1180
184.3629 0.1132
103.9566 0.1347
32.2617 0.0970
31.7033 0.1510
87.9515 0.1338
99.9991 0.1868
128.1743 0.1642
127.4177 0.1485
69.3116 0.0599
95.9203 0.1414
123.4876 0.0736
94.1190 0.0850
115.4352 0.0897
57.4897 0.1388
90.3886 0.1012
92.9439 0.1416
132.3320 0.0927
144.0316 0.1269
191.6748 0.0846
157.3289 0.1044
60.7371 0.1801
110.4359 0.1450
192.3089 0.1029
77.5575 0.0628
76.3585 0.1751
76.3613 0.1318
194.0557 0.0792
154.2673 0.1180
97.7231 0.1486
140.4299 0.1387
148.8452 0.1321
181.7086 0.0629
30.3546 0.1748
8.6245 0.2435
77.6693 0.0919
109.2233 0.1453
188.2647 0.1171
103.2840 0.1188
113.3049 0.1936
107.7417 0.1900
225.1954 0.1103
235.7983 0.1299
54.9664 0.0980
11.6392 0.0712
90.6625 0.1412
77.9638 0.1269
70.8705 0.1590
199.9235 0.0842
163.6734 0.1210
121.7505 0.1360
96.4403 0.1391
102.5074 0.2269
112.0181 0.1586
82.5044 0.1335
57.9195 0.1643
178.2217 0.1544
81.7427 0.1189
133.0809 0.1646
57.2310 0.1305
79.9375 0.0743
115.6240 0.1402
210.1454 0.0627
17.9147 0.2003
186.2719 0.1492
75.0332 0.1861
106.5612 0.1598
71.2680 0.1253
195.5004 0.1436
76.5938 0.1291
79.4730 0.2065
144.6659 0.1629
40.4889 0.0615
159.4762 0.1328
99.1078 0.0590
69.5871 0.1414
165.4354 0.1353
162.9506 0.1472
211.4656 0.1031
67.2158 0.1267
78.7674 0.1561
117.6390 0.1303
47.9040 0.2043
229.0405 0.1333
85.0901 0.1519
75.6608 0.1830
229.9343 0.1255
290.6623 0.1096
119.4670 0.1442
35.2336 0.2184
45.5474 0.1215
224.2674 0.1160
130.8223 0.1576
146.6969 0.1275
187.4306 0.0928
189.0941 0.1002
126.4534 0.0943
170.8130 0.1222
108.6701 0.0820
156.9070 0.1293
117.1240 0.0984
80.9670 0.0949
46.8502 0.1598
196.9164 0.1516
284.8363 0.1155
208.9081 0.0899
94.9501 0.0789
164.7259 0.0736
227.9992 0.0949
144.1186 0.0966
228.1477 0.1202
44.9221 0.0832
45.5781 0.2338
189.1522 0.1306
164.4190 0.1072
57.1707 0.1309
74.7446 0.1675
51.7813 0.1095
113.0358 0.0961
71.5926 0.1163
200.6663 0.0791
136.1571 0.1552
35.5693 0.1862
172.0355 0.0772
175.7921 0.1368
76.0474 0.1913
129.1256 0.1113
25.2750 0.2031
90.1068 0.1014
94.8518 0.1461
142.1858 0.1595
117.5687 0.0756
184.7983 0.0749
109.4560 0.1336
101.2645 0.1099
133.8855 0.1456
28.6706 0.1114
153.7330 0.1496
79.2777 0.0996
215.5027 0.1237
82.6087 0.0502
90.9349 0.1081
43.9420 0.2164
133.4470 0.1150
195.2074 0.1076
155.6690 0.1422
114.5217 0.1142
111.1215 0.1777
122.1556 0.1069
44.3831 0.1431
135.6684 0.1013
59.9205 0.1703
84.1169 0.0450
72.1956 0.0901
73.2346 0.1303
87.3954 0.0990
205.1946 0.0990
150.1759 0.0581
233.2626 0.1148
25.3104 0.2176
190.8553 0.0984
257.3725 0.1079
184.5367 0.1169
49.2317 0.1113
56.1546 0.2011
167.9069 0.1167
87.7666 0.1019
108.6486 0.1516
130.1472 0.0854
159.1440 0.0948
99.7400 0.1034
206.3497 0.1251
78.3145 0.1513
170.5773 0.1236
62.1787 0.1248
202.6196 0.0944
275.7197 0.1062
129.3895 0.1447
81.9040 0.0527
216.1456 0.0834
108.5550 0.0979
174.0412 0.0914
66.0641 0.1565
107.0519 0.0738
194.0605 0.1347
128.8218 0.1239
91.2781 0.0968
146.2040 0.0833
87.4306 0.0864
67.1362 0.1265
104.0873 0.1219
190.0499 0.1161
52.0462 0.1489
82.2349 0.1090
65.3422 0.2011
116.0732 0.0852
137.8897 0.1127
132.8814 0.0702
79.1410 0.1197
25.6815 0.2218
187.9023 0.0790
147.9750 0.1548
148.3082 0.1724
199.4355 0.0646
169.2037 0.1542
41.2118 0.1526
135.2667 0.1091
135.9110 0.1627
29.9219 0.1786
56.9459 0.1766
23.6106 0.0622
53.5834 0.1840
95.9826 0.1389
91.4483 0.1459
95.1126 0.1089
68.4311 0.1664
232.8431 0.1267
132.1302 0.1581
92.5137 0.1137
214.9307 0.1100
114.0190 0.1822
169.5023 0.1430
61.0873 0.1761
102.3980 0.1057
203.8004 0.1318
70.4994 0.1756
60.9019 0.1469
19.6874 0.1336
16.9872 0.0915
96.2062 0.1280
52.7153 0.0949
89.2443 0.1061
96.8343 0.1404
27.1980 0.1258
162.8194 0.1326
78.5250 0.0862
40.3783 0.2439
16.5160 0.0503
122.8251 0.1352
70.9039 0.1103
29.9785 0.1685
69.5118 0.1718
120.1408 0.1062
55.9372 0.0732
57.0396 0.2002
61.3203 0.1637
41.3093 0.2083
189.5796 0.1394
194.1527 0.1130
64.1347 0.1742
31.2855 0.1850
216.0345 0.1482
74.6243 0.1641
64.0728 0.1708
67.8678 0.0628
169.8981 0.0907
257.1555 0.1110
54.7437 0.0556
74.4882 0.1414
114.1427 0.1322
61.2996 0.0976
193.8853 0.1155
204.7211 0.1256
77.1864 0.0520
205.0250 0.1434
94.5678 0.0906
47.1455 0.0970
121.0963 0.1345
179.3633 0.1252
82.1559 0.1054
232.1522 0.0902
152.2337 0.1118
123.1639 0.0917
211.3429 0.1303
205.9817 0.0893
43.7105 0.1864
90.6963 0.1613
192.2742 0.0826
106.6253 0.1128
42.3681 0.1333
157.6354 0.1423
69.1356 0.0675
76.7134 0.1394
40.4912 0.0864
238.6794 0.1329
40.7831 0.1974
161.9744 0.1490
137.3006 0.0826
28.9205 0.1393
92.4705 0.1535
74.3702 0.1150
97.5867 0.0941
65.3353 0.1365
97.4698 0.1683
168.2212 0.0606
45.2216 0.1065
114.8990 0.1519
69.0246 0.1422
74.9651 0.0771
52.7552 0.1027
164.7325 0.0955
139.4771 0.0808
54.7492 0.1835
150.2135 0.0859
31.7327 0.2042
205.1885 0.0854
112.8240 0.0751
37.8844 0.1640
91.1413 0.1601
189.6572 0.0887
144.2696 0.1128
90.3574 0.1243
158.2612 0.1340
181.3397 0.0973
126.9138 0.1670
260.4507 0.1027
65.4653 0.1802
59.8662 0.1340
29.4634 0.1772
105.4139 0.0986
133.1723 0.1322
138.7127 0.1022
133.9052 0.1390
112.6062 0.1392
69.1497 0.1110
164.5473 0.0977
197.1592 0.1053
57.8253 0.1604
160.7822 0.1311
61.4998 0.0723
9.6379 0.2356
78.5571 0.0750
183.2692 0.0978
304.2748 0.2817
68.4267 0.1113
67.3697 0.1170
82.7226 0.1636
32.9984 0.1354
39.6790 0.0581
35.7600 0.1741
48.6804 0.1953
137.9555 0.0986
42.2452 0.1515
66.7216 0.1195
122.8410 0.1143
135.3585 0.1028
130.3573 0.1341
188.6276 0.1356
100.6440 0.1577
130.8636 0.1135
119.4902 0.1038
