31.4401 0.1359
6.0852 0.1301
34.5956 0.0720
40.4989 0.1351
49.5676 0.1044
38.3154 0.1032
15.9538 0.1718
68.0935 0.1063
57.0400 0.0857
30.5536 0.1377
15.8832 0.0725
20.6807 0.1230
99.8368 0.1074
14.8079 0.1761
14.3619 0.1252
46.8623 0.1559
113.2688 0.1092
83.1956 0.1304
69.6871 0.1378
38.1671 0.1088
87.9868 0.1066
15.9238 0.1807
3.6197 0.1873
32.2694 0.1445
119.4536 0.1537
15.1382 0.1972
60.2978 0.1146
35.9586 0.0931
101.8278 0.0830
55.9848 0.1016
13.7681 0.1041
38.3336 0.1414
42.8422 0.1200
24.4425 0.0895
40.0514 0.1604
25.9154 0.1300
63.2583 0.1381
12.1518 0.1426
51.2671 0.1197
7.3189 0.1309
30.9048 0.1100
32.1359 0.0850
57.2885 0.1568
27.1026 0.1331
107.6114 0.0971
13.1481 0.1822
28.1868 0.1524
36.7372 0.1303
95.1739 0.1097
48.9448 0.0887
35.1162 0.1849
42.1701 0.0911
3.2468 0.1988
40.6189 0.1307
5.8338 0.1518
60.2038 0.1135
70.4838 0.0948
26.9531 0.0957
69.9257 0.0921
65.7098 0.1201
23.9181 0.1822
53.4656 0.1290
27.4599 0.1421
81.7150 0.0760
55.8407 0.1546
60.6354 0.1369
83.1732 0.1096
13.2042 0.1310
51.8945 0.0655
71.7779 0.1130
51.0510 0.0965
66.9596 0.1185
54.8587 0.1206
28.0705 0.1274
44.8723 0.1175
44.4831 0.1162
27.8239 0.1341
46.1589 0.0879
16.4956 0.1667
48.6054 0.1449
5.9531 0.1457
37.8600 0.1140
28.3992 0.1434
8.2119 0.1362
9.7517 0.1942
26.5205 0.1142
18.4482 0.1942
27.9223 0.1878
53.9650 0.1405
80.1494 0.1237
21.6956 0.1446
35.7601 0.1294
8.6077 0.0889
18.0719 0.1822
36.0992 0.1569
25.9723 0.0957
52.3819 0.1145
42.7861 0.0856
54.5002 0.1050
76.3914 0.1257
34.2086 0.0779
71.6656 0.1170
29.5589 0.1259
7.9230 0.0328
32.0605 0.0977
70.4997 0.1237
30.9400 0.1102
53.1739 0.1002
9.5819 0.1033
19.0268 0.0689
19.2565 0.1769
45.1265 0.1369
69.7628 0.0894
30.7330 0.1424
26.6861 0.1154
122.8493 0.1073
105.5489 0.1167
22.0500 0.1708
73.1396 0.1420
117.9499 0.0936
107.6861 0.1155
34.1750 0.1616
37.8785 0.0813
61.9150 0.0611
82.4871 0.0963
26.0120 0.0861
35.4700 0.1164
33.5771 0.0908
78.1252 0.1299
41.0550 0.1462
30.9820 0.1211
100.0949 0.0933
66.4944 0.0605
25.4975 0.1728
62.4648 0.1205
17.9273 0.1916
21.2032 0.0856
37.0202 0.1375
79.1608 0.1065
64.9472 0.1237
64.9902 0.0947
19.7341 0.1202
31.6362 0.0628
8.1435 0.2215
7.8289 0.1873
25.6978 0.1507
46.0311 0.0950
6.9804 0.1908
26.9165 0.0544
28.9447 0.1754
52.7241 0.0911
111.7501 0.0985
73.1830 0.1031
51.3398 0.1020
18.4669 0.1771
16.7128 0.1408
47.8136 0.1289
57.0231 0.0879
27.9665 0.1540
37.5733 0.0836
70.7879 0.1009
48.0828 0.1685
35.4515 0.1509
66.3465 0.1544
19.9265 0.1579
5.5322 0.1616
42.7020 0.1236
29.9011 0.1185
5.5269 0.1192
15.8577 0.1236
40.3509 0.1125
56.7069 0.1130
43.7101 0.1542
41.2146 0.0787
99.8365 0.1169
83.9792 0.0853
16.5202 0.2002
112.9225 0.0575
95.5228 0.1163
33.9038 0.1418
77.3728 0.1185
19.1009 0.0451
31.7996 0.1602
46.6036 0.0850
57.2649 0.0838
60.1978 0.1054
9.3111 0.0316
6.1901 0.0780
32.8436 0.1301
11.2151 0.1641
79.5627 0.1387
20.6493 0.1472
28.6462 0.1272
28.4937 0.0844
11.7895 0.1114
23.8819 0.1326
44.9894 0.0685
36.1872 0.1343
64.2243 0.0568
57.7156 0.0624
65.7684 0.1003
21.4768 0.1841
12.6756 0.1689
50.3251 0.0844
54.5765 0.1173
55.8696 0.1547
75.8911 0.1388
100.6249 0.1134
27.0616 0.1179
32.0975 0.1401
40.3587 0.1586
9.7560 0.1537
53.7866 0.1257
23.7585 0.1182
27.2444 0.0729
34.8987 0.1040
29.6811 0.1340
40.3670 0.1245
57.1971 0.1145
39.0552 0.1604
44.7216 0.0763
23.5040 0.1230
26.9025 0.1301
72.1134 0.1136
71.6375 0.1216
25.9965 0.1579
30.0230 0.0828
16.6126 0.1748
55.7568 0.1369
22.6202 0.1415
48.6993 0.1069
118.4309 0.1026
11.9042 0.1684
16.7380 0.1682
17.2330 0.1277
45.7923 0.1376
62.1004 0.0910
36.2572 0.0664
30.3936 0.1185
28.8427 0.1404
108.6989 0.0828
10.9834 0.1636
18.2536 0.1697
48.5364 0.1387
30.7359 0.1259
58.1407 0.0982
58.7105 0.1144
53.9556 0.1303
109.8989 0.0676
29.6377 0.1254
24.8982 0.0779
10.8999 0.2102
22.5052 0.1458
48.8047 0.1433
75.7070 0.1361
86.2636 0.0905
46.9039 0.0657
55.9515 0.1228
63.8591 0.0754
39.0248 0.1211
51.3528 0.1520
7.5410 0.0538
30.9324 0.1840
64.6504 0.1017
16.7616 0.1756
8.2146 0.1471
7.0858 0.0478
29.3510 0.1613
68.7069 0.1115
6.1609 0.2169
56.2342 0.0528
25.7523 0.1846
37.5198 0.1231
98.3332 0.0830
5.1763 0.1190
59.7878 0.1069
95.5751 0.1436
15.7656 0.1186
42.7012 0.1234
21.1928 0.0921
22.0645 0.1274
40.2410 0.0799
33.1064 0.1615
37.1948 0.1252
41.9321 0.0752
41.7751 0.1073
74.9553 0.1124
16.8532 0.0693
37.1012 0.1124
23.6069 0.1522
15.9647 0.1362
29.3869 0.0568
83.3692 0.0832
98.5504 0.0906
62.0817 0.1143
58.2231 0.1287
118.5213 0.1129
56.2196 0.1143
61.3186 0.1355
18.8745 0.1600
31.8801 0.1421
105.1389 0.0814
68.3386 0.0787
34.1286 0.1071
2.9764 0.2301
92.5481 0.1011
65.0981 0.1082
29.8623 0.1019
20.4079 0.1454
87.6904 0.1134
9.1590 0.1426
10.9543 0.1324
15.5080 0.1315
8.7752 0.1502
79.6493 0.1111
12.2871 0.1599
9.1259 0.1150
24.2675 0.0582
23.4028 0.1260
25.6275 0.0983
61.5695 0.1172
28.4177 0.1405
10.8439 0.2266
15.9374 0.1514
32.5780 0.0618
13.0531 0.1895
12.7875 0.1512
87.7709 0.1237
46.8251 0.0632
100.3411 0.1344
22.5597 0.2036
35.4503 0.1078
15.5542 0.0803
50.1088 0.1051
94.5257 0.0966
19.6985 0.1888
29.2104 0.1118
46.4926 0.1371
56.6656 0.1372
60.3115 0.1027
95.8054 0.0827
65.0351 0.1074
22.7645 0.0628
67.7099 0.1223
85.6440 0.1167
5.3607 0.2328
47.8065 0.1332
26.3996 0.1433
7.4842 0.2027
41.8238 0.0877
36.1879 0.1522
32.1555 0.1712
22.4025 0.1118
27.9983 0.1330
49.1245 0.0766
10.0427 0.2005
33.2153 0.1874
20.7319 0.1726
89.4881 0.0989
7.6254 0.2008
32.4306 0.1418
25.9943 0.1520
39.8648 0.1381
83.2298 0.0950
49.3040 0.1081
66.8317 0.1247
10.3987 0.2066
18.0332 0.1393
33.1994 0.1592
17.0088 0.1507
55.6353 0.1127
36.4865 0.1623
58.3801 0.1202
41.5864 0.1550
33.9619 0.1786
24.6994 0.1815
87.8242 0.0791
53.0358 0.1122
41.1192 0.0798
3.4624 0.2175
28.3160 0.0710
35.1474 0.1469
26.1231 0.1321
47.5408 0.1287
23.0567 0.1491
52.8720 0.1138
30.0671 0.1374
16.8311 0.1477
7.7851 0.2148
46.7154 0.1410
33.4974 0.1326
25.3038 0.1561
6.6243 0.2094
17.6801 0.1847
41.0285 0.1463
30.1664 0.1571
65.0255 0.1007
37.6057 0.1692
19.5691 0.1704
12.4697 0.1997
9.8682 0.1612
55.1096 0.1234
31.6942 0.0965
14.9815 0.1744
19.3820 0.0803
14.4581 0.1859
60.8782 0.1253
90.3684 0.0939
65.8484 0.0614
61.7168 0.1081
42.2545 0.1288
25.6956 0.1666
8.2377 0.0145
50.7696 0.1496
21.4898 0.1815
41.7760 0.1709
69.1631 0.0887
13.9338 0.1150
46.4176 0.1045
58.0327 0.1101
51.5242 0.1547
42.3251 0.0553
49.8121 0.1403
46.3695 0.1452
103.6836 0.1182
48.5029 0.1076
29.3183 0.1790
22.5923 0.1777
20.2269 0.1105
23.9328 0.0518
19.4840 0.1278
14.7363 0.0870
20.1930 0.1342
26.5952 0.1181
12.8716 0.1919
43.6288 0.1110
46.5044 0.1338
50.5678 0.0849
12.8082 0.1158
23.3095 0.1254
55.2743 0.0714
8.8115 0.1975
48.0478 0.1610
54.1036 0.1396
12.1466 0.1646
22.0434 0.0824
5.6592 0.1776
41.2918 0.1479
10.3949 0.1617
10.6748 0.2113
9.2824 0.0227
69.5345 0.1260
82.4092 0.1285
3.3601 0.1237
53.1156 0.0881
41.5925 0.1081
14.0127 0.1938
93.9286 0.0625
79.5311 0.1032
17.7843 0.1442
65.1598 0.0921
122.9940 0.2817
38.5989 0.1323
29.0187 0.1666
28.3529 0.1054
32.6542 0.1365
44.8696 0.1516
4.4932 0.1445
6.9430 0.1026
70.2031 0.1185
37.7652 0.0684
15.8464 0.1561
71.8258 0.1226
57.0302 0.1212
42.5077 0.0949
22.8858 0.1889
6.9114 0.2425
41.4372 0.1283
39.4629 0.1357
30.2971 0.1362
102.2205 0.1231
49.3901 0.1245
81.6562 0.0925
37.6810 0.1316
60.1618 0.1620
48.9377 0.0720
33.2109 0.1118
11.5380 0.1533
52.2953 0.0350
23.6063 0.1728
27.3290 0.1319
57.1672 0.1046
11.9581 0.2071
27.7126 0.1573
67.9429 0.0604
16.1573 0.1117
27.8775 0.1663
36.2329 0.1270
20.8013 0.1045
70.5522 0.0820
85.6724 0.0890
52.1638 0.1310
20.8042 0.1451
15.3510 0.1286
36.9788 0.1697
9.1815 0.1705
40.7435 0.0908
80.5703 0.1118
55.0286 0.0764
54.7048 0.1355
35.9576 0.0719
32.7325 0.1289
14.8019 0.1836
5.3812 0.1767
44.8093 0.1168
34.9660 0.1241
9.2282 0.1754
46.2877 0.0819
82.6549 0.1135
75.7199 0.0837
53.8811 0.1236
50.0996 0.0994
17.1407 0.2052
68.5552 0.0906
42.1149 0.1255
8.4031 0.1662
27.0765 0.0679
37.3087 0.1650
37.6711 0.1423
24.0819 0.1331
33.9364 0.1318
62.2893 0.1148
23.3908 0.1762
60.5607 0.0948
3.2991 0.2120
114.1539 0.0872
4.4673 0.1216
15.7910 0.2087
31.6067 0.1716
12.1423 0.1090
21.9066 0.1685
15.3543 0.1629
80.5346 0.0665
97.2693 0.1036
41.8406 0.0836
5.1764 0.2273
39.9525 0.1294
24.0270 0.0683
25.1973 0.1517
33.7758 0.1096
16.3347 0.1452
49.0740 0.1427
52.9946 0.1461
29.1409 0.1423
22.6773 0.1363
34.1458 0.1098
52.0626 0.1327
62.3132 0.1204
19.6423 0.1610
48.1157 0.1021
51.0931 0.1096
97.5938 0.0855
5.3621 0.1934
13.2634 0.1461
40.5422 0.1420
4.7534 0.1956
52.7139 0.1147
16.6938 0.1257
7.1323 0.1529
16.9525 0.1320
45.7801 0.1002
20.6248 0.0919
3.4317 0.1447
17.0205 0.1829
73.5135 0.1113
31.1894 0.1521
32.3173 0.1551
24.0074 0.1478
22.4179 0.1595
39.8662 0.1085
119.0289 0.0710
5.0937 0.1748
25.1493 0.0937
49.3402 0.0775
36.6631 0.1128
34.5979 0.0522
16.8879 0.0873
37.7209 0.1199
49.0301 0.0835
15.9441 0.1779
90.7187 0.1593
23.0737 0.0882
78.1893 0.1030
66.7352 0.1340
8.0340 0.2146
34.4467 0.1518
69.0944 0.0709
49.5494 0.0737
99.5747 0.0678
70.6633 0.1022
17.2124 0.1925
21.8385 0.0679
84.4807 0.1195
96.9135 0.1095
29.0268 0.1332
44.3539 0.1299
61.0201 0.1507
11.0910 0.1560
48.6831 0.1300
90.1320 0.1180
23.0289 0.1552
87.5252 0.1035
36.5180 0.1197
36.3497 0.1420
28.5017 0.0937
69.1091 0.0929
57.2447 0.0702
7.3291 0.1178
6.9936 0.1138
40.1038 0.1617
96.4004 0.1023
20.8610 0.1299
61.4550 0.0669
14.3266 0.1715
39.9908 0.0852
11.3538 0.2265
22.4582 0.1485
36.3017 0.1040
104.7209 0.0770
19.4563 0.1826
25.7378 0.1796
37.3558 0.1142
14.0965 0.1543
97.8261 0.1045
24.1202 0.1362
32.5151 0.1338
10.2222 0.1747
72.9050 0.1077
27.3714 0.0646
41.9212 0.1147
23.7225 0.1281
35.9881 0.0935
22.2111 0.1955
76.7487 0.1325
20.5995 0.1737
71.3519 0.0936
26.8307 0.1711
49.8773 0.0835
19.8552 0.1031
52.8347 0.1444
81.4239 0.0910
23.1724 0.0756
42.5042 0.0929
83.6096 0.1375
92.5000 0.1305
24.1542 0.1010
49.9749 0.1079
18.7304 0.1166
29.5547 0.1623
8.8398 0.1722
42.0662 0.0961
16.6811 0.1750
32.7841 0.1393
39.1014 0.1292
38.6691 0.1315
30.8041 0.1223
8.8067 0.0760
81.0083 0.0844
71.8995 0.0805
7.2004 0.1637
52.4505 0.1384
23.9002 0.1445
46.5527 0.1282
41.1040 0.0939
75.3317 0.1090
26.7416 0.1130
76.5182 0.0859
31.6888 0.1466
20.8979 0.1247
27.1442 0.1119
15.2247 0.1486
24.6373 0.1182
27.8449 0.1527
39.9157 0.0990
31.8105 0.1503
20.0342 0.1120
36.5178 0.0766
72.2585 0.1527
91.2512 0.1101
69.4838 0.1470
92.0043 0.0991
53.5407 0.1022
51.3527 0.1328
50.6905 0.1603
58.0363 0.1470
64.3686 0.1407
4.3671 0.1794
27.7157 0.0846
30.0642 0.1237
45.0331 0.1092
45.5899 0.0775
24.4437 0.1360
23.6464 0.1459
59.4334 0.0991
64.4458 0.1215
107.8759 0.0908
28.6459 0.0758
49.6511 0.1428
61.8188 0.0978
50.6284 0.1075
63.3626 0.1210
41.7336 0.1310
35.6372 0.1082
35.7186 0.1025
28.6938 0.1940
47.8850 0.1658
8.0595 0.1097
56.3444 0.1676
99.5335 0.1106
38.9638 0.1295
16.4349 0.1451
27.9189 0.1213
7.1967 0.1807
84.6129 0.1134
18.5264 0.1816
45.8393 0.0939
58.4904 0.0941
42.0315 0.0894
40.5990 0.1331
13.5431 0.2169
11.1745 0.1766
6.7535 0.1057
15.8706 0.0539
14.6648 0.1284
9.2140 0.0307
94.1957 0.1165
24.7148 0.1482
28.8209 0.1085
26.5397 0.1715
37.0646 0.0929
43.7800 0.1044
52.1982 0.1121
15.0604 0.1275
19.4938 0.1497
27.2863 0.1501
74.8052 0.1232
4.0556 0.0828
25.1869 0.1519
15.2631 0.1681
26.7490 0.0875
90.9105 0.1153
40.5984 0.1039
3.4814 0.2212
39.6854 0.1386
39.9696 0.1565
118.5802 0.1361
28.5508 0.0889
49.5047 0.1015
78.7565 0.1005
46.7549 0.1220
14.2977 0.1366
88.9067 0.0347
53.2951 0.1195
33.6584 0.1718
58.8573 0.1300
67.1374 0.1146
108.0569 0.1071
55.7676 0.1155
31.4454 0.0984
25.9683 0.1752
39.2382 0.1675
66.7689 0.1135
95.8826 0.0862
17.7538 0.0949
41.9803 0.1004
22.6831 0.1743
18.4634 0.1232
93.6377 0.0811
9.4479 0.1578
27.3504 0.1664
12.5155 0.0948
79.7434 0.1226
29.9563 0.1061
36.8559 0.1347
67.7640 0.1142
20.5082 0.1265
1.5682 0.2402
33.9004 0.1633
33.6231 0.1570
7.8771 0.1110
64.9991 0.1175
70.4347 0.1041
6.4482 0.1357
53.1132 0.1039
33.3009 0.1123
46.7481 0.0990
26.9978 0.1578
22.2348 0.1056
34.1133 0.0890
43.4754 0.1481
87.6741 0.0647
43.2348 0.0796
22.7931 0.1767
25.0555 0.1785
17.5102 0.1671
57.1272 0.0932
1.1441 0.2189
14.7092 0.1500
15.8745 0.1018
83.7197 0.1114
59.7671 0.1117
54.1356 0.1045
81.3243 0.1185
32.8673 0.0937
68.0651 0.1169
8.7103 0.0888
36.7196 0.1409
71.5224 0.0932
56.5467 0.0840
23.4127 0.1469
8.8366 0.1280
24.6051 0.1124
22.8392 0.1181
53.3338 0.1075
70.1287 0.1054
10.4448 0.2302
42.6650 0.1326
21.0449 0.0623
6.4568 0.2019
6.1825 0.1510
30.3323 0.1284
11.9887 0.1499
64.4984 0.1034
90.1071 0.1031
46.9806 0.1070
13.0816 0.1636
13.4792 0.2133
60.6047 0.0998
54.2900 0.0750
37.5891 0.0973
25.1666 0.1355
73.8935 0.1214
29.9713 0.1364
77.7786 0.1188
45.5484 0.1780
38.0679 0.1248
35.7248 0.1256
0.8912 0.2817
100.0315 0.1038
7.7196 0.1734
18.0830 0.0902
64.1077 0.1000
22.7503 0.1167
77.7479 0.0935
9.3835 0.1652
90.5037 0.1315
49.0079 0.1152
60.3146 0.1505
53.0050 0.0463
33.9541 0.1336
18.1659 0.1770
86.0495 0.0738
68.7746 0.0934
15.5879 0.1417
27.0010 0.1427
66.8337 0.1108
8.8787 0.1995
56.6832 0.0882
31.1987 0.1513
24.9429 0.0812
66.4289 0.1213
31.2229 0.0729
68.1458 0.1230
46.6613 0.1819
41.6078 0.1107
17.5189 0.0826
38.2554 0.1234
29.5089 0.1475
2.9528 0.2003
47.0489 0.1225
55.3001 0.1280
59.2229 0.1368
72.5571 0.1055
46.2536 0.0994
20.4281 0.1832
100.9146 0.1240
83.7451 0.1016
56.8595 0.1472
31.4297 0.1098
45.4263 0.1111
20.9696 0.1766
72.5108 0.1441
34.5951 0.1396
29.1058 0.1231
78.4824 0.1110
23.9996 0.1261
2.8206 0.1659
71.3418 0.0945
18.0852 0.1539
47.3240 0.0996
41.9932 0.1130
71.9319 0.0685
32.5903 0.1529
54.7182 0.0927
60.1206 0.1220
38.4010 0.1254
43.7478 0.0832
57.0925 0.1253
72.2031 0.0550
43.7212 0.1217
9.7412 0.1978
52.1411 0.0660
53.6445 0.0974
26.2100 0.1030
41.0218 0.0887
33.0877 0.1612
20.9935 0.2071
22.8018 0.1269
31.8262 0.1433
78.8596 0.1048
64.1046 0.1180
10.2040 0.1988
20.4165 0.0950
72.5077 0.1130
18.8830 0.1726
48.5964 0.1584
12.9620 0.1910
39.7803 0.0625
72.5593 0.1166
72.5697 0.1268
61.4370 0.0992
24.6134 0.1143
28.2371 0.1682
26.7195 0.0915
60.1910 0.1207
11.4249 0.1196
37.4154 0.1578
13.9674 0.0799
7.2922 0.2081
23.3226 0.1119
17.3429 0.0864
22.3964 0.1945
17.1903 0.1513
118.2547 0.0959
37.4777 0.1360
6.6018 0.1374
7.3559 0.0599
32.4877 0.0728
82.3551 0.1126
51.2103 0.1336
23.4656 0.1291
31.7742 0.1785
69.4739 0.1220
21.2830 0.1116
40.8276 0.0452
16.4080 0.1285
63.6734 0.1201
33.2348 0.1040
26.8250 0.1610
69.4390 0.1158
28.5354 0.1411
38.6537 0.1361
21.3223 0.1420
58.5136 0.1085
36.8608 0.1079
9.7103 0.1853
41.4273 0.1549
54.1796 0.1393
53.4510 0.1270
47.3927 0.1212
16.2812 0.1671
60.1440 0.0867
84.6603 0.0569
53.6667 0.1426
22.0415 0.1061
28.8700 0.1593
15.8464 0.1451
75.9103 0.1051
24.4911 0.1259
76.6715 0.1218
27.8967 0.1332
9.5044 0.1354
60.9165 0.0972
34.2723 0.1106
13.9074 0.1482
74.3973 0.1119
35.5343 0.1520
23.0901 0.0987
64.3347 0.1342
89.3223 0.0803
6.9771 0.2277
31.9644 0.1312
83.1607 0.0897
13.6577 0.0919
25.8190 0.1054
13.4604 0.1847
70.0359 0.1386
25.4274 0.1575
82.9285 0.0595
28.1762 0.1275
17.6821 0.1175
25.7178 0.2013
86.8248 0.1127
50.2712 0.1212
13.4371 0.1493
28.4826 0.0846
41.5759 0.1497
35.6379 0.1413
44.1828 0.1283
13.3805 0.1998
46.8312 0.1415
26.8704 0.0921
11.8550 0.1225
30.2276 0.0314
88.6433 0.1406
55.7614 0.0696
27.8890 0.1794
72.6800 0.0834
88.1512 0.1452
75.3294 0.1158
20.5686 0.1696
57.5454 0.0541
22.8747 0.1734
47.7942 0.0644
16.2301 0.2300
29.3230 0.1320
13.7071 0.1000
18.5412 0.1828
39.3428 0.1552
24.9853 0.1541
21.5696 0.0895
45.7667 0.0887
79.7673 0.1155
32.4241 0.1216
30.2867 0.1465
57.9084 0.1141
55.5805 0.1321
87.6385 0.0983
52.6243 0.1224
7.2993 0.1328
30.0649 0.1038
10.1235 0.1995
39.6024 0.1206
92.2271 0.0877
47.5412 0.1058
7.3709 0.1839
20.2383 0.1028
80.5901 0.1263
18.3261 0.1430
101.6745 0.1388
83.9892 0.1003
19.2307 0.1066
34.9559 0.1211
21.6412 0.1642
53.2318 0.1294
60.5534 0.1012
45.3928 0.1306
9.9625 0.2017
48.2614 0.1397
62.5343 0.0957
58.7258 0.0891
42.8152 0.1242
72.8818 0.0986
48.8731 0.1135
20.1965 0.1232
64.3639 0.0960
45.4552 0.1575
10.5158 0.1815
81.0362 0.1019
33.7277 0.1329
14.4552 0.1429
11.7403 0.1967
4.1465 0.1327
57.0402 0.1386
23.7505 0.1028
83.7495 0.1218
5.7929 0.1935
28.5301 0.1027
23.9878 0.1533
68.4391 0.1201
29.3825 0.1327
28.2166 0.0270
88.2125 0.0727
17.5778 0.1897
85.3343 0.1300
40.4527 0.1084
18.5277 0.1810
43.6738 0.1188
20.9855 0.1928
33.4989 0.1520
36.1384 0.1638
35.1735 0.1081
33.4830 0.1727
8.2110 0.0232
12.9346 0.1492
53.7401 0.0763
43.8724 0.1139
72.0466 0.0848
58.0383 0.0908
47.6707 0.1230
6.8025 0.1405
15.8568 0.2035
33.9300 0.0825
37.9690 0.1095
12.0114 0.1758
35.5270 0.1471
27.3028 0.1728
4.1154 0.1512
49.1103 0.0765
6.9969 0.0271
51.7861 0.1209
46.9879 0.1142
4.8543 0.2273
45.5897 0.0553
54.9947 0.1244
55.1349 0.0420
34.0202 0.0796
41.6762 0.1250
54.2509 0.1115
113.5530 0.1176
32.4487 0.1347
9.0786 0.0573
39.8155 0.1603
40.8469 0.1394
14.4433 0.1270
100.7975 0.1217
47.8670 0.1574
80.7805 0.1331
13.6319 0.1311
11.8698 0.1401
78.7992 0.1014
40.1748 0.1550
89.5623 0.1257
53.2033 0.1076
36.5251 0.0844
16.6215 0.1754
33.0948 0.0964
22.8563 0.1230
32.8367 0.1547
14.3390 0.1165
48.2914 0.1313
6.8217 0.1282
40.2093 0.0887
34.4602 0.1796
32.2783 0.1373
44.0350 0.1409
56.0181 0.0756
70.7869 0.1469
47.2740 0.0768
5.8113 0.1960
10.4049 0.1832
45.0796 0.1467
26.1709 0.1328
58.7802 0.1168
16.7086 0.1049
14.3306 0.1020
52.0353 0.1074
31.9726 0.0506
41.6780 0.1132
6.9040 0.1354
26.5591 0.1068
37.1555 0.0966
16.0025 0.1361
39.8503 0.1454
18.6667 0.1636
39.8512 0.1431
32.4226 0.1727
33.0439 0.1884
60.8185 0.0955
42.3710 0.1314
26.7352 0.0630
29.3260 0.0535
25.1876 0.1112
23.3383 0.1331
25.7714 0.1515
15.9815 0.1578
19.2356 0.1273
39.9635 0.0862
43.7326 0.1300
15.0566 0.0965
37.2526 0.1171
58.8355 0.1041
56.0346 0.1216
34.0600 0.1199
20.3856 0.1336
38.4711 0.1446
98.8407 0.0854
32.1499 0.0566
14.5989 0.1414
26.2782 0.1452
53.7807 0.0751
47.8678 0.1303
26.5490 0.0662
57.3885 0.1075
4.0657 0.1249
26.1800 0.1609
41.6148 0.1142
39.5055 0.1299
30.2930 0.1412
19.1094 0.1607
26.1781 0.0700
6.0609 0.1912
49.5757 0.1461
13.8456 0.0770
41.3199 0.1439
17.5370 0.1400
39.1762 0.1015
63.3510 0.0854
24.5000 0.1563
63.8877 0.1054
13.8031 0.0770
44.4084 0.0896
25.0463 0.1350
3.5172 0.1269
11.7883 0.0586
84.1769 0.1263
26.2600 0.1458
80.6469 0.1097
7.7838 0.2071
41.1848 0.1049
46.8927 0.1026
67.4872 0.0712
4.7835 0.2163
39.5813 0.1359
18.3735 0.2025
26.7605 0.1499
43.8080 0.0843
58.6338 0.1279
93.2624 0.0981
58.8222 0.1435
61.1379 0.0843
62.1026 0.1470
23.8903 0.0891
76.5161 0.1171
30.1149 0.1393
23.4413 0.1642
78.8963 0.0770
27.3145 0.1112
31.0376 0.1993
94.1460 0.1033
9.2378 0.1303
39.4363 0.1186
114.8720 0.1171
32.8959 0.0780
30.8590 0.1045
40.8946 0.1134
88.5297 0.1190
42.9627 0.1393
15.7944 0.1203
42.4231 0.1353
28.6168 0.0987
25.2032 0.1747
59.0501 0.1532
111.9613 0.1057
40.6177 0.1259
92.6912 0.1103
60.3605 0.1134
7.1829 0.0429
17.8538 0.1075
25.3853 0.1697
34.6611 0.0652
17.9719 0.1421
22.8191 0.0857
29.4971 0.1286
42.5062 0.1653
33.5682 0.1180
40.5769 0.1372
29.9303 0.1135
26.9008 0.1549
88.7396 0.0896
48.6793 0.1245
56.5830 0.1489
23.4141 0.0984
86.2668 0.0913
18.0018 0.1332
57.0906 0.1419
64.9837 0.1467
27.1735 0.1737
47.6811 0.1002
32.3871 0.1287
39.0520 0.0934
31.5928 0.1467
23.8333 0.2041
5.8984 0.1987
5.0986 0.2144
25.1431 0.1840
75.3066 0.0984
6.4529 0.2042
74.5403 0.0814
61.9302 0.1502
39.2913 0.1052
26.8687 0.0863
25.9494 0.1307
27.0527 0.1414
10.2438 0.1547
66.1054 0.1255
55.6203 0.0927
81.0335 0.0711
54.3866 0.1580
58.5109 0.1058
37.5794 0.1357
19.9106 0.1356
51.4770 0.1278
40.7756 0.1091
49.8616 0.1326
65.6716 0.1225
40.2669 0.1068
42.4255 0.0570
79.5518 0.0515
78.9546 0.1154
32.4689 0.1203
67.0294 0.1211
58.7839 0.1077
39.3625 0.1344
49.9113 0.0893
15.8992 0.1010
66.9874 0.1100
14.6136 0.1162
41.7380 0.1847
10.0526 0.2027
25.6050 0.1555
36.9924 0.1543
63.9042 0.1045
38.5252 0.1101
8.0539 0.2020
61.1141 0.1391
59.7886 0.1120
24.7380 0.1751
87.3574 0.0892
20.8291 0.1385
24.9375 0.1469
38.7977 0.0853
30.2871 0.1206
31.0203 0.1536
26.1860 0.1458
29.0290 0.1417
43.2261 0.1311
13.8435 0.1823
7.3502 0.1594
63.7931 0.0843
33.2596 0.0755
11.2941 0.1520
36.5498 0.0900
73.6213 0.1153
30.1125 0.1404
22.7022 0.1199
28.6855 0.1122
31.6083 0.0814
90.9246 0.1098
9.6433 0.1103
46.1606 0.0580
31.5954 0.1531
36.8076 0.1022
24.8138 0.0901
19.7863 0.1405
59.3671 0.0906
44.4548 0.0762
83.0568 0.0935
25.9908 0.1539
96.1778 0.0828
7.7848 0.1688
18.4824 0.1418
23.0805 0.1846
18.9925 0.1892
21.7401 0.1451
6.1531 0.1775
16.2255 0.1365
8.5305 0.0526
38.4319 0.1415
53.6152 0.1021
44.9903 0.1186
33.8953 0.0876
13.1174 0.1471
45.2814 0.1076
9.8291 0.1770
47.4045 0.1065
78.1446 0.1001
75.5358 0.1264
28.6777 0.1643
42.5193 0.1047
11.1567 0.1880
21.7983 0.0980
11.7255 0.1061
26.9773 0.1609
68.4560 0.1113
50.3561 0.1249
24.5353 0.1503
38.6895 0.1457
55.8347 0.0858
75.2389 0.1088
12.6519 0.2172
60.6774 0.1279
55.0294 0.0798
27.5268 0.1177
51.8873 0.1489
39.6540 0.1652
31.3210 0.1402
76.2459 0.1061
29.0468 0.1266
44.2841 0.1216
49.0115 0.1109
83.1382 0.1328
15.4037 0.2047
38.1881 0.1545
45.7249 0.1410
36.2556 0.1452
57.7462 0.1316
53.5596 0.0548
15.7379 0.0965
42.6469 0.0495
91.2464 0.1286
35.5341 0.1484
27.3352 0.1177
50.6896 0.1372
102.7825 0.0938
42.8627 0.1396
8.6189 0.1837
39.6301 0.1327
84.0597 0.1227
33.2548 0.1362
12.4873 0.1558
40.2766 0.1558
8.8961 0.2004
13.5102 0.1871
39.1836 0.1203
33.1445 0.1329
85.6360 0.1109
60.7280 0.1252
17.9142 0.1275
12.9620 0.1820
5.1255 0.1678
92.7487 0.0971
18.4455 0.1735
48.5009 0.1254
47.8474 0.0974
38.9751 0.1268
83.5762 0.1117
36.2885 0.1150
29.1807 0.1573
44.3094 0.0530
8.9093 0.1605
33.3647 0.1112
35.5212 0.1158
44.3132 0.1324
55.4032 0.0604
11.3073 0.1857
52.0277 0.1416
58.3387 0.1155
24.4945 0.1739
30.8785 0.1506
28.1577 0.0331
9.8944 0.1257
46.7921 0.1378
60.9181 0.0795
13.0536 0.1120
44.6299 0.1450
69.6733 0.1014
13.0001 0.1757
37.6396 0.1014
60.8558 0.1016
26.1687 0.0961
31.0339 0.1613
70.8009 0.0832
28.7333 0.0443
58.6735 0.1302
22.4730 0.1514
48.2817 0.1117
31.7319 0.1489
37.6554 0.1545
73.4958 0.0880
46.3367 0.0974
75.0080 0.0953
23.4595 0.1077
88.4564 0.1312
7.8309 0.1746
88.7318 0.0559
77.4517 0.0859
8.5647 0.0672
5.4364 0.1777
55.3778 0.1158
26.6526 0.0995
38.8668 0.1146
20.7188 0.1829
3.3299 0.2234
23.7702 0.1676
95.2676 0.1210
67.9087 0.0838
14.6952 0.0945
18.4116 0.1602
46.8795 0.1479
9.0370 0.2240
48.0274 0.1281
31.6307 0.0980
111.2300 0.1012
50.1961 0.1294
33.4247 0.1542
42.1280 0.1137
44.0560 0.1138
82.3047 0.1031
17.6688 0.1408
57.0771 0.1547
39.6829 0.1352
23.2888 0.1068
27.6829 0.1270
38.0237 0.1613
6.5913 0.1290
20.2981 0.1713
4.8447 0.2247
13.0894 0.1909
28.6442 0.0935
16.5945 0.1290
42.5315 0.1101
10.2243 0.1524
8.4238 0.0336
6.1839 0.1902
52.7913 0.1056
79.7388 0.0905
9.5466 0.1302
32.5265 0.0592
31.9534 0.1055
12.9524 0.1579
5.8944 0.1941
28.9397 0.1693
15.6951 0.0941
73.6649 0.1022
53.2344 0.1265
39.7427 0.0887
41.9689 0.1556
37.4215 0.1256
41.1787 0.1436
71.2324 0.1110
5.4674 0.2030
65.9415 0.1122
27.6498 0.0960
32.8087 0.1233
13.7395 0.1528
18.7090 0.0768
30.3926 0.1081
38.3109 0.1443
47.4781 0.0791
54.7671 0.0877
15.0144 0.1086
26.3524 0.1071
26.0979 0.1350
47.6003 0.1591
41.9335 0.1186
40.3312 0.1422
36.8418 0.1114
49.1657 0.1507
75.5358 0.0666
27.2649 0.0481
20.5813 0.1410
25.8880 0.1710
14.4692 0.1261
52.6537 0.0941
42.2847 0.1316
18.9760 0.1700
23.6336 0.1760
72.8924 0.1062
32.8789 0.1437
24.1980 0.1291
14.4878 0.2040
69.2230 0.1161
74.6820 0.1281
84.2659 0.0976
89.4604 0.1028
15.2473 0.1757
86.2779 0.1222
92.4648 0.1043
54.6289 0.1074
64.1447 0.0872
33.4729 0.1161
108.5942 0.1020
9.9393 0.1902
27.6254 0.0248
77.7893 0.1253
61.0004 0.1372
51.6271 0.1039
6.2108 0.1271
43.0589 0.0876
67.0093 0.1098
75.4201 0.0980
1.6166 0.2010
3.7182 0.1436
16.3578 0.1017
54.2580 0.1199
65.6669 0.1294
97.5625 0.1170
82.6997 0.1180
45.9017 0.1138
30.4379 0.0784
55.1056 0.0580
29.3421 0.0489
87.7715 0.0742
53.1094 0.1220
15.5703 0.1231
55.4719 0.1351
30.7781 0.1895
52.7776 0.1172
16.2818 0.2013
91.6455 0.0885
78.9185 0.1218
12.8637 0.1514
52.6172 0.1294
36.0787 0.1059
34.7694 0.1793
54.0004 0.1188
11.1225 0.1465
112.8342 0.1085
38.8422 0.1803
112.9069 0.1150
12.6858 0.1758
90.3686 0.1378
79.4624 0.1100
25.9632 0.1426
94.4384 0.1106
28.8605 0.0796
37.5085 0.1371
24.5271 0.1266
8.3978 0.1892
41.8281 0.1054
55.3904 0.0625
5.4572 0.1547
62.8160 0.1182
43.9704 0.1194
49.0995 0.1063
7.1099 0.1960
7.4209 0.1991
34.7170 0.1650
27.6906 0.0930
26.3090 0.1779
6.2158 0.1863
36.7829 0.0999
7.9968 0.2048
40.2573 0.0828
8.1033 0.2196
25.2236 0.0746
61.8740 0.1142
22.3974 0.2082
19.4187 0.1096
46.4383 0.1598
10.6232 0.2172
88.9076 0.1384
31.2835 0.0775
19.8412 0.1527
100.7203 0.0741
64.4730 0.1177
65.9140 0.1394
21.7465 0.1623
8.7816 0.1166
68.5108 0.1109
18.6383 0.1138
40.5646 0.1367
100.4808 0.0696
19.6293 0.1784
83.1091 0.1301
16.2101 0.1310
32.9079 0.1388
12.3648 0.1795
53.9913 0.1194
73.9815 0.0948
7.7966 0.2142
39.6503 0.1296
66.5591 0.0994
48.4623 0.1434
25.8957 0.1956
35.8455 0.1302
92.9277 0.1324
62.0216 0.1222
26.6042 0.1232
38.3521 0.0991
38.3732 0.1266
11.7925 0.1950
122.2134 0.1270
83.7609 0.1230
67.9750 0.1264
27.1331 0.1356
45.4409 0.1356
92.5046 0.1269
31.2898 0.1303
28.1315 0.0717
78.1679 0.1055
37.6521 0.1118
13.2530 0.1544
15.6354 0.1762
7.7885 0.1776
11.8099 0.1132
28.3646 0.1061
78.4329 0.0653
25.0763 0.0519
43.2015 0.0909
40.2412 0.1349
50.5306 0.1352
9.3874 0.1576
68.0945 0.0500
58.5918 0.1096
8.9273 0.1703
17.5831 0.1894
16.0453 0.2090
47.0806 0.0681
44.7131 0.1457
45.1676 0.1252
89.2121 0.0948
36.8283 0.0871
110.3743 0.1117
61.6052 0.1110
108.7155 0.1047
59.1224 0.0906
26.4116 0.1105
5.5857 0.1316
9.5198 0.1901
29.7680 0.1336
54.4338 0.1401
68.2191 0.1127
27.5007 0.1034
11.9471 0.1769
84.3098 0.0769
26.9057 0.1063
9.0199 0.1998
18.8425 0.1686
32.7169 0.1474
34.6310 0.1474
74.1751 0.0749
28.7812 0.1624
51.7947 0.0929
33.2431 0.1693
33.5284 0.1459
101.8796 0.0953
93.2389 0.0909
71.3112 0.1351
37.1168 0.1270
38.0285 0.1544
78.7172 0.0719
30.5101 0.1394
78.0940 0.0490
21.4961 0.1614
36.9484 0.1384
38.2700 0.1091
47.9327 0.1354
37.4130 0.1576
78.0871 0.0920
82.1240 0.1073
85.5228 0.1013
55.7906 0.0750
45.5286 0.1141
11.9402 0.1152
33.0280 0.1392
27.3714 0.1320
22.2778 0.0222
59.0324 0.0991
74.2671 0.1249
115.6795 0.1196
6.8275 0.1767
38.4275 0.1245
40.7312 0.0900
22.5103 0.0783
101.8992 0.1032
4.2649 0.1820
31.8191 0.1168
37.8932 0.1331
36.3652 0.1641
36.1045 0.1603
46.2386 0.0552
59.9556 0.1263
50.5626 0.1053
80.0757 0.1078
96.6609 0.0930
47.2139 0.1470
13.1591 0.1340
55.8536 0.1222
18.8353 0.1315
80.3413 0.1229
42.0005 0.1416
30.1896 0.2054
73.0679 0.1117
35.8816 0.1481
38.1655 0.1237
55.3812 0.1331
36.0307 0.1067
24.0828 0.0833
23.8518 0.0676
73.0091 0.1252
62.1829 0.1071
37.6455 0.1363
9.5254 0.2520
74.3023 0.1161
34.6178 0.1030
93.7579 0.0825
40.1620 0.1226
21.8331 0.1596
37.0474 0.1147
8.0025 0.1504
25.2515 0.1513
32.7156 0.0986
23.7696 0.1728
3.1961 0.2505
66.9789 0.0942
62.5692 0.1146
31.1326 0.1616
4.6725 0.1406
41.6271 0.1038
90.4746 0.0851
76.9322 0.0743
30.6399 0.1277
67.3594 0.0843
7.9839 0.1539
16.6919 0.0629
33.2362 0.0559
40.8946 0.1158
107.7638 0.0901
29.0994 0.0865
64.5074 0.0968
73.9544 0.1147
29.9458 0.1588
39.3081 0.1338
48.0383 0.1007
7.7688 0.1853
47.4657 0.1262
38.5121 0.1679
34.6140 0.1471
20.8049 0.0902
45.1700 0.1462
47.3520 0.1516
49.7182 0.1175
29.2008 0.0857
16.2918 0.1455
63.9803 0.1162
63.9791 0.0897
39.8992 0.0825
74.2399 0.1280
16.9752 0.1250
30.9989 0.0713
13.5544 0.2475
31.9848 0.1181
49.7862 0.1275
87.7537 0.0720
30.6131 0.1224
51.7252 0.0991
16.9502 0.1281
46.5337 0.1466
32.1644 0.0861
35.2935 0.1577
51.7638 0.1716
35.7927 0.1090
75.3443 0.1181
78.7833 0.1162
44.8768 0.0818
81.3912 0.1047
60.6350 0.0923
33.8933 0.1258
22.0499 0.1570
57.1917 0.1361
91.6277 0.1273
37.2584 0.1443
9.1240 0.1429
36.9073 0.1641
38.9925 0.1459
114.0885 0.0807
62.0484 0.1053
43.8317 0.1302
67.5562 0.1139
44.3564 0.1355
79.1443 0.0515
21.3050 0.0986
104.7671 0.1036
54.4156 0.1425
44.1300 0.1128
72.8639 0.1136
82.9335 0.1180
82.9388 0.0921
25.8755 0.1598
43.1990 0.1460
39.8437 0.1038
37.0919 0.1194
27.8964 0.0521
35.5897 0.1209
25.1786 0.1309
15.6253 0.1747
42.5126 0.1402
101.3826 0.1087
65.3414 0.1346
24.3765 0.1996
102.9592 0.1118
31.5026 0.0621
74.0205 0.1276
48.0093 0.1113
54.6128 0.1259
21.2831 0.1212
31.9979 0.1046
65.3553 0.0646
44.8677 0.1039
58.7984 0.1305
28.9950 0.1605
94.6168 0.1034
81.5841 0.0801
68.4785 0.0920
86.7691 0.1191
116.2040 0.1087
30.5524 0.1146
16.5870 0.1684
9.5195 0.1707
39.3855 0.1486
91.4493 0.0885
31.5517 0.0741
32.7737 0.1378
47.1709 0.0743
54.9079 0.1656
85.0739 0.0944
29.1535 0.1601
68.1279 0.1144
54.2261 0.1136
70.4574 0.0754
49.9523 0.1553
67.6269 0.1062
82.9429 0.1125
34.6945 0.1575
74.1785 0.0973
35.0253 0.0944
22.5786 0.1153
97.9023 0.1013
39.4639 0.1578
12.2648 0.1842
25.0347 0.1713
9.4266 0.0600
34.7668 0.1300
41.1644 0.0981
96.5994 0.1114
44.3573 0.0952
102.4347 0.1318
63.9996 0.1130
43.6420 0.1252
31.2078 0.0895
72.8466 0.1086
41.0416 0.1201
62.7499 0.0717
45.5098 0.1106
62.8545 0.0955
101.1379 0.0892
38.7182 0.0910
30.5895 0.1382
35.0780 0.1269
52.7320 0.1240
61.6643 0.0882
54.7401 0.1436
85.0653 0.1098
11.1747 0.1897
57.4710 0.1301
25.0442 0.1229
27.2276 0.1281
41.1177 0.1133
37.9061 0.1227
39.7811 0.0724
86.6813 0.1291
27.9778 0.1241
32.0745 0.0984
45.2355 0.1106
26.2084 0.1532
45.0779 0.1363
36.0954 0.0646
24.8238 0.1164
47.4907 0.1230
21.7318 0.1338
67.8993 0.0801
13.7417 0.1878
7.0337 0.2420
18.9902 0.1150
32.1582 0.0774
8.2711 0.0957
33.5927 0.1556
48.0999 0.1414
19.5959 0.1907
13.0551 0.1154
45.2394 0.1098
34.9876 0.1680
30.5761 0.1148
4.8677 0.2329
68.8534 0.1331
59.7985 0.1606
37.5649 0.0939
81.7431 0.1141
31.1476 0.1069
18.4682 0.1783
48.9514 0.0875
7.1637 0.2263
25.2702 0.1384
33.4954 0.1015
24.9711 0.1807
55.6994 0.0530
21.8111 0.0922
38.7575 0.0863
102.5422 0.0575
19.2411 0.1540
6.7272 0.1536
28.6430 0.1038
26.9243 0.0658
32.6287 0.1152
74.1805 0.0988
42.4764 0.0617
49.3418 0.1076
49.5458 0.1169
82.6080 0.0679
11.9148 0.2091
14.6492 0.1431
37.5301 0.1452
63.0520 0.1198
35.9644 0.1232
5.7649 0.1757
38.5079 0.0989
79.0450 0.1066
17.4440 0.0831
20.5897 0.1574
7.4979 0.1580
23.4198 0.1985
49.8773 0.1395
35.5471 0.1404
11.4480 0.2093
20.7717 0.1771
22.1228 0.0578
19.7153 0.0743
81.2181 0.0776
81.9023 0.0787
91.0204 0.0823
53.1017 0.1343
46.7779 0.1203
42.3265 0.0916
9.8510 0.1890
26.7215 0.1404
19.6527 0.1393
7.2594 0.2196
22.9265 0.1269
13.0666 0.1832
25.7555 0.1309
18.0658 0.0804
82.2151 0.1460
7.0640 0.2190
24.8446 0.0846
28.1730 0.0610
17.6582 0.1182
40.7913 0.1315
45.0897 0.1180
44.3770 0.1141
12.0056 0.1660
65.0929 0.1302
47.1573 0.0871
61.2292 0.0837
14.3979 0.2110
34.5175 0.1368
9.3547 0.1988
36.6861 0.1075
56.7173 0.1385
16.3599 0.0579
72.1724 0.0938
34.4714 0.1520
33.9597 0.1350
42.3799 0.1167
108.6128 0.1088
19.7856 0.1167
37.1428 0.0868
27.4097 0.0968
35.5925 0.1300
59.1364 0.0987
19.2811 0.1416
32.4665 0.1116
8.8758 0.1723
17.0082 0.1067
11.5765 0.1995
74.1221 0.0900
59.4733 0.1225
35.0391 0.1031
40.4138 0.1701
53.8542 0.1057
32.7517 0.1191
28.2469 0.1082
34.8237 0.1474
13.2086 0.1051
101.5512 0.1240
79.1766 0.0844
30.1820 0.1603
35.4353 0.1457
13.8598 0.1888
9.3725 0.0896
16.7551 0.1250
35.9214 0.1466
19.3247 0.1993
15.7888 0.0615
38.6180 0.1125
94.1041 0.0700
36.4703 0.1743
3.8874 0.2024
23.8861 0.1386
18.5863 0.0788
31.6712 0.1419
7.3717 0.2325
22.1161 0.1083
46.7303 0.1569
35.5102 0.1243
26.4412 0.1280
1.6730 0.2394
84.4308 0.1346
69.7208 0.1026
38.5224 0.1333
42.9331 0.1474
12.1134 0.1727
18.3291 0.1782
65.7616 0.1000
11.5651 0.1518
62.5915 0.1252
77.3848 0.0989
23.3769 0.1573
19.0310 0.1315
70.5547 0.1120
15.8813 0.2093
82.6411 0.1153
40.1269 0.1558
27.0836 0.0349
6.7214 0.1870
44.3981 0.0394
110.9022 0.1120
24.6068 0.1091
21.5146 0.1385
23.2542 0.1326
56.4496 0.1516
53.9468 0.1136
7.3429 0.1882
11.5017 0.1986
78.7292 0.0916
36.7505 0.0996
26.2520 0.1421
2.9372 0.2164
5.0279 0.1416
8.4265 0.1227
8.4411 0.0564
43.9960 0.1234
52.8098 0.0916
14.7977 0.1637
8.6173 0.0400
22.3960 0.1358
47.9130 0.1143
44.3206 0.1093
39.9387 0.1053
94.7030 0.0796
47.6975 0.1228
5.8542 0.1881
31.5123 0.1134
57.1803 0.1199
92.8457 0.0796
8.6476 0.1180
70.6588 0.1132
38.7689 0.1347
9.1320 0.0970
9.7061 0.1510
27.5732 0.1338
24.8194 0.1868
39.3248 0.1476
41.5631 0.1334
31.8934 0.0599
30.8123 0.1414
50.7287 0.0736
41.0301 0.0850
46.9337 0.0897
16.7795 0.1388
37.9459 0.1012
27.3300 0.1416
63.1505 0.0927
52.3826 0.1269
75.1853 0.0846
63.3629 0.0776
14.3120 0.1801
30.9335 0.1450
73.4329 0.1029
34.4587 0.0628
21.3109 0.1751
26.2378 0.1318
79.3296 0.0792
60.0019 0.1180
32.7893 0.1486
42.3723 0.1387
55.7218 0.1321
83.1601 0.0629
6.8329 0.1748
1.1868 0.2435
36.5652 0.1030
35.3070 0.1453
74.9538 0.1171
39.1487 0.1188
31.1835 0.1936
30.7427 0.1900
86.8904 0.1020
86.5729 0.1299
23.4673 0.0866
5.3283 0.0712
27.5277 0.1412
24.0192 0.1269
17.9817 0.1590
87.0324 0.0842
57.8340 0.1210
46.1822 0.1360
27.6752 0.1391
22.9115 0.2269
34.5607 0.1586
25.2612 0.1335
15.2324 0.1643
61.5031 0.1544
24.9873 0.1189
38.7547 0.1646
17.1533 0.1305
25.8597 0.0743
39.4848 0.1402
89.7640 0.0627
3.7280 0.2003
64.3181 0.1492
20.0362 0.1861
32.6291 0.1598
22.1063 0.1266
64.9717 0.1346
19.1932 0.1291
16.4130 0.2065
43.3986 0.1629
15.8849 0.1258
56.0626 0.1328
36.2560 0.0590
21.3245 0.1414
56.4509 0.1353
44.1900 0.1472
79.7593 0.1031
22.4113 0.1267
21.4697 0.1549
39.2366 0.1303
10.0582 0.1663
89.5934 0.1333
23.1513 0.1519
20.3743 0.1830
90.4962 0.1160
121.2547 0.1096
40.6354 0.1442
8.3407 0.1098
15.3489 0.1215
92.1993 0.1560
42.3414 0.1576
52.5765 0.1275
78.9111 0.0928
77.4016 0.1002
50.5211 0.0943
62.2939 0.1222
37.2726 0.0820
57.0581 0.1293
38.0570 0.0984
28.6981 0.0949
12.3712 0.1598
70.5293 0.1516
116.1406 0.1112
82.9308 0.0899
42.4989 0.0789
62.3283 0.0736
90.4214 0.0949
72.0776 0.0966
88.1146 0.1107
12.7266 0.0832
8.1710 0.2319
70.1041 0.1306
62.9287 0.1072
18.4282 0.1309
21.6353 0.1675
16.4476 0.1095
40.8325 0.0961
25.7688 0.1163
94.4599 0.0971
37.6107 0.1552
6.7619 0.1862
70.6996 0.0772
63.2343 0.1368
16.5019 0.1913
46.8248 0.1113
5.1579 0.2031
36.0094 0.1014
29.6930 0.1461
54.3266 0.1595
49.5772 0.0756
75.7933 0.0749
36.4865 0.1336
42.3813 0.1042
46.1633 0.1456
7.9773 0.1114
48.2693 0.1496
38.1226 0.0996
90.9939 0.1438
35.7778 0.0502
36.8881 0.1261
6.9969 0.2164
48.5417 0.1150
92.1890 0.1115
50.5458 0.1422
40.8597 0.1142
31.7677 0.1777
48.6515 0.1069
11.6366 0.1431
46.2061 0.1013
17.7808 0.1703
30.2666 0.0450
24.3783 0.0901
25.8359 0.1303
30.8670 0.0990
94.1554 0.0928
58.5896 0.0581
94.0127 0.1148
3.5179 0.2176
71.8500 0.0984
114.6896 0.1193
70.2392 0.1170
19.0932 0.1113
12.4071 0.2011
66.8103 0.1167
28.4975 0.1019
36.1519 0.1516
56.8205 0.0854
54.8666 0.0948
37.2508 0.1034
80.6780 0.1251
24.1022 0.1513
57.1883 0.1236
19.8679 0.1248
82.0969 0.0944
116.3728 0.1062
43.8269 0.1447
36.2775 0.0857
87.8837 0.0834
38.5422 0.0979
71.3548 0.0914
17.7200 0.1565
41.2614 0.0738
65.7061 0.1253
43.5692 0.1239
28.0386 0.0968
55.3610 0.0833
40.2564 0.0864
22.2453 0.1271
35.0556 0.1219
68.8754 0.1161
14.6992 0.1489
28.4405 0.1090
14.0692 0.2011
43.5249 0.0852
52.2865 0.1127
63.9875 0.0702
27.8478 0.1197
3.7604 0.2218
77.2926 0.0790
44.5962 0.1548
42.7972 0.1724
82.8675 0.0646
58.6005 0.1542
8.1868 0.1526
52.5546 0.0888
45.0276 0.1627
6.4025 0.1786
12.6906 0.1766
7.5865 0.0622
12.3178 0.1840
33.2400 0.1389
24.4459 0.1459
45.2011 0.1089
19.5358 0.1664
91.7991 0.1246
44.8684 0.1581
32.3374 0.1137
77.6033 0.1100
33.4896 0.1822
56.2118 0.1430
15.7190 0.1761
36.6188 0.1057
80.1224 0.1318
15.5356 0.1756
17.4374 0.1469
6.8943 0.1336
7.9349 0.0457
29.9666 0.1280
17.7882 0.0978
31.6635 0.1061
26.8228 0.1404
8.1957 0.0514
51.5680 0.1180
29.5853 0.0862
6.5353 0.2439
8.3592 0.0501
41.5431 0.1352
29.4937 0.1103
6.9477 0.1070
19.4839 0.1718
48.8871 0.1062
17.8262 0.0732
14.1642 0.2002
14.0512 0.1637
9.1084 0.2083
62.6626 0.1394
84.5325 0.0826
13.5488 0.1742
7.2176 0.1850
85.1779 0.1482
19.2211 0.1641
15.0149 0.1708
31.7027 0.0881
64.6584 0.0907
96.6648 0.1110
24.6160 0.0556
20.1225 0.1200
41.0324 0.1322
19.5198 0.0976
72.4841 0.1155
73.4614 0.1236
26.8982 0.0520
73.8773 0.1434
27.3952 0.0906
10.3457 0.0970
37.9695 0.1345
61.0893 0.1268
35.6488 0.1054
89.3156 0.0902
56.6497 0.1118
42.2096 0.0917
78.1764 0.1303
98.5858 0.0893
7.6783 0.1864
23.0415 0.1613
80.3495 0.0826
36.8390 0.1235
11.3404 0.1333
50.7902 0.1423
27.6562 0.0675
23.7437 0.1048
17.0753 0.0864
100.0154 0.1329
9.3795 0.1974
48.0843 0.1490
59.1398 0.0826
7.6655 0.1393
23.7504 0.1535
21.6634 0.1150
41.0257 0.0941
21.9516 0.1365
28.5385 0.1683
69.4427 0.0606
17.3730 0.1065
36.8884 0.1161
20.4582 0.1422
35.2080 0.0771
15.2913 0.1027
63.4915 0.0955
54.6789 0.0808
11.1665 0.1835
59.9246 0.0859
8.2706 0.1837
76.6563 0.0854
46.8676 0.0751
9.1314 0.1640
27.0387 0.1601
84.6689 0.0887
51.0930 0.1128
33.9610 0.1243
49.7303 0.1340
63.2260 0.0973
33.1284 0.1210
107.9333 0.1027
17.3622 0.1802
17.2991 0.1340
6.9237 0.1772
43.4056 0.0986
52.6562 0.1322
61.3135 0.1022
42.4035 0.1390
36.0938 0.1392
22.0749 0.1110
70.2776 0.0977
74.5627 0.1053
17.2077 0.1604
57.0655 0.1311
23.2516 0.0723
1.6967 0.2356
32.2065 0.0750
64.6140 0.0978
122.9040 0.1686
25.2382 0.1113
19.8368 0.1170
20.1638 0.1636
9.6537 0.1379
17.8721 0.0581
7.4962 0.1741
8.9629 0.1953
47.8504 0.0986
10.7959 0.1515
23.9088 0.1195
52.9207 0.1143
51.4307 0.1028
46.1185 0.1341
65.6100 0.1356
32.3176 0.1577
44.7627 0.1135
48.0867 0.1148
