0.8574 0.1359
0.1461 0.1301
1.8480 0.0720
0.8759 0.1351
1.7528 0.1044
4.5227 0.0719
0.1270 0.1718
2.4476 0.1063
5.4818 0.0857
0.5249 0.1377
2.3890 0.0725
0.5728 0.1253
6.6521 0.1074
0.1575 0.1533
0.9194 0.1252
0.5431 0.1559
6.4398 0.1060
4.1958 0.1304
1.5006 0.1378
1.0560 0.1088
2.7349 0.1066
0.0803 0.1807
0.0159 0.1873
1.1253 0.1445
7.3798 0.1017
0.0271 0.1972
5.4921 0.1331
2.1643 0.0931
7.5791 0.0830
3.0227 0.1016
0.6878 0.1041
0.5406 0.1414
2.4267 0.1200
2.9445 0.0774
0.6980 0.1604
0.9365 0.1300
1.7690 0.1381
0.4478 0.1426
1.9866 0.1079
0.1777 0.1309
1.4153 0.1100
1.9800 0.0828
0.7717 0.1568
0.7220 0.1331
9.1424 0.0953
0.0511 0.1822
0.2418 0.1524
0.9612 0.1303
8.1141 0.1872
2.9890 0.0887
0.2306 0.1849
1.6061 0.0911
0.0159 0.1988
1.0069 0.1307
0.3034 0.1518
2.6288 0.1135
4.2316 0.1075
1.6514 0.0957
6.9982 0.0921
2.8715 0.1201
0.0662 0.1822
1.7856 0.1290
0.4712 0.1421
9.3858 0.0760
0.8376 0.1546
1.0800 0.1369
4.7702 0.1096
0.4052 0.1310
4.4238 0.0655
2.4244 0.1130
2.4977 0.0965
2.3838 0.1185
2.4143 0.1206
0.7126 0.1274
1.2231 0.1175
1.2779 0.1162
0.9576 0.1341
3.9740 0.0879
0.1892 0.1497
1.0261 0.1449
0.0832 0.1457
2.2589 0.1140
0.7514 0.1434
0.2688 0.1362
0.0922 0.1816
0.9107 0.1142
0.0797 0.1942
0.2116 0.1682
1.1410 0.1405
4.7175 0.1228
0.4021 0.1491
0.8214 0.1294
0.8892 0.1160
0.0984 0.1822
0.4017 0.1569
2.0860 0.0957
3.5323 0.0991
3.9148 0.0856
3.0699 0.1050
3.4760 0.1257
4.6747 0.0779
3.4826 0.1170
1.4495 0.1259
4.7106 0.0328
3.9094 0.0740
1.3964 0.1237
3.4090 0.1102
3.9044 0.1002
1.2672 0.1033
1.9445 0.0689
0.0947 0.1769
2.4283 0.1154
5.6155 0.0894
0.5721 0.1424
1.0343 0.1154
5.4925 0.0946
3.8279 0.1167
0.1793 0.1708
1.8483 0.1376
6.1740 0.0936
10.6020 0.0999
0.6043 0.1418
4.4029 0.0813
5.2876 0.0611
4.4488 0.0963
2.2199 0.0861
1.7515 0.1164
3.0793 0.0908
3.6014 0.1217
0.6957 0.1462
1.2885 0.1211
12.5373 0.0806
4.7744 0.0605
0.4330 0.1554
1.8007 0.1205
0.1033 0.1916
2.8264 0.0856
0.6553 0.1375
2.4207 0.1065
2.2315 0.1237
4.4440 0.1291
1.2638 0.1202
3.4542 0.0628
0.0128 0.2215
0.0385 0.1873
0.3979 0.1507
1.7779 0.0950
0.0286 0.1908
5.1845 0.0544
0.2248 0.1754
3.3616 0.1032
5.7719 0.1180
2.8036 0.0938
2.8362 0.1020
0.1364 0.1771
0.4610 0.1408
1.4658 0.1289
3.4464 0.0879
0.4909 0.1540
4.3457 0.0836
3.4873 0.1009
0.6162 0.1685
0.4356 0.1509
1.0898 0.1544
0.1994 0.1579
0.2189 0.1616
1.2344 0.1236
1.4924 0.1185
0.4347 0.1192
0.7211 0.1236
2.4344 0.1125
3.2508 0.1130
0.7409 0.1542
3.8772 0.0787
12.0005 0.0629
7.8476 0.0853
0.0657 0.2002
6.9621 0.0575
5.2008 0.1163
0.8881 0.1418
3.6566 0.0834
2.0895 0.0451
0.3763 0.1602
2.3610 0.0850
3.5947 0.0838
2.1805 0.1054
6.0843 0.4456
0.6860 0.0780
0.8017 0.1301
0.2020 0.1641
1.8815 0.1387
0.3394 0.1356
0.3903 0.1272
3.2603 0.0844
0.9314 0.1315
0.4819 0.1326
8.6743 0.0694
0.9195 0.1343
5.2130 0.0568
2.7090 0.1152
6.8376 0.0717
0.0754 0.1841
0.6446 0.0889
4.8616 0.0844
1.9755 0.1173
0.9197 0.1547
2.5206 0.1388
6.1277 0.1130
2.8793 0.1179
0.8251 0.1401
0.5622 0.1586
0.4021 0.1302
1.6966 0.1257
0.6920 0.1182
2.4418 0.0729
2.7952 0.1122
0.9953 0.1340
0.7948 0.1245
4.7512 0.1145
0.3150 0.1604
4.1294 0.0962
0.9963 0.1230
0.4557 0.1301
3.0612 0.1136
1.9662 0.1216
0.3626 0.1579
2.0919 0.0975
0.1682 0.1748
1.8632 0.1245
0.6173 0.1415
3.5358 0.0763
9.1405 0.1206
0.1592 0.1684
0.2556 0.1362
0.4557 0.1277
1.1129 0.1376
4.6819 0.0910
4.7539 0.0866
1.7174 0.1185
0.5356 0.1404
4.8181 0.0828
0.1270 0.1636
0.2280 0.1697
0.8804 0.1387
0.4956 0.1259
2.5110 0.0982
1.4236 0.1144
1.7750 0.1339
6.9678 0.0676
0.9049 0.1254
2.7835 0.0779
0.0263 0.2102
0.3762 0.1458
1.6966 0.1372
2.5590 0.1248
11.3315 0.0900
6.1387 0.0965
2.6089 0.1228
5.8309 0.0754
2.8469 0.1211
0.7281 0.1520
2.8017 0.0538
0.1329 0.1840
3.2314 0.1017
0.1156 0.1756
0.3363 0.1471
3.4515 0.0478
0.3546 0.1586
2.0427 0.1115
0.0104 0.2169
4.0773 0.0528
0.2429 0.1846
1.4987 0.1231
4.4957 0.0830
0.3122 0.1190
2.6924 0.1069
3.5572 0.1313
0.4131 0.1186
0.6772 0.1234
3.0744 0.0921
0.7992 0.1274
1.9340 0.0799
0.4800 0.1608
0.8948 0.1252
3.3878 0.0752
1.5270 0.1073
2.3053 0.1124
2.2789 0.0693
1.3867 0.1124
0.1944 0.1522
0.2858 0.1744
4.9871 0.0481
9.2924 0.0984
4.1831 0.0906
2.8293 0.1143
0.9048 0.1287
6.9975 0.1063
2.8630 0.1143
1.8485 0.1355
0.1432 0.1600
0.7438 0.1421
10.6514 0.0851
6.8849 0.0787
2.5291 0.1167
0.0041 0.2301
3.6976 0.1011
4.2218 0.1082
2.3804 0.1019
0.4304 0.1454
3.3892 0.1134
0.2891 0.1426
0.4680 0.1324
0.7235 0.1315
0.6525 0.1560
3.1843 0.1111
0.1221 0.1599
1.3500 0.1150
4.3854 0.0582
0.8615 0.1260
1.6068 0.0983
3.6273 0.1172
0.4472 0.1405
0.0138 0.2266
0.4160 0.1514
5.1368 0.0618
0.0319 0.1895
0.1098 0.1512
4.1996 0.1145
2.4718 0.1185
5.2629 0.1190
0.0789 0.2036
1.1180 0.1078
2.2184 0.0803
1.2770 0.1051
6.0167 0.0877
0.1884 0.1455
1.0595 0.1118
0.5701 0.1371
1.6688 0.1372
2.3337 0.1027
10.9122 0.0827
2.6439 0.1074
1.9699 0.0628
2.9908 0.1129
3.4346 0.1167
0.0088 0.2328
1.3930 0.1332
0.7089 0.1433
0.0173 0.2027
3.9751 0.0877
0.5963 0.1522
0.3781 0.1712
0.8240 0.1118
0.4512 0.1330
2.2587 0.0766
0.0247 0.2005
0.1594 0.1874
0.2269 0.1726
4.0440 0.0989
0.0194 0.2008
0.6310 0.1422
0.4060 0.1520
0.6391 0.1381
3.1335 0.0950
1.6362 0.1081
1.5440 0.1247
0.0390 0.2066
0.7505 0.1393
0.4103 0.1592
0.4751 0.1507
2.1814 0.1127
0.5739 0.1623
1.6062 0.1202
0.6725 0.1550
0.2345 0.1786
0.1345 0.1815
5.3737 0.0791
2.2524 0.1122
4.8787 0.0798
0.1575 0.2175
2.2644 0.0710
0.5913 0.1469
0.6729 0.1321
2.5589 0.1287
0.4626 0.1491
1.7657 0.1138
0.6446 0.1374
0.3505 0.1477
0.0254 0.2061
1.2868 0.1410
1.0238 0.1326
0.6042 0.1116
0.0154 0.2094
0.1371 0.1847
1.0081 0.1463
0.3336 0.1571
3.2281 0.1007
0.3542 0.1692
0.1580 0.1704
0.0402 0.1997
0.1103 0.1612
2.6350 0.1234
1.3816 0.0965
0.1660 0.1547
3.2096 0.0803
0.1018 0.1859
1.5564 0.1253
8.7855 0.0804
6.5449 0.1245
2.8093 0.1081
1.0848 0.1334
0.5160 0.1666
4.3097 0.0145
1.3952 0.1496
0.1158 0.1815
0.4471 0.1709
4.9578 0.0887
0.8608 0.1150
2.0440 0.1058
2.3730 0.1101
1.2891 0.1436
2.4779 0.0908
0.7835 0.1403
0.6026 0.1445
9.7117 0.1009
3.3566 0.0924
0.2020 0.1790
0.2338 0.1777
0.6672 0.1105
3.8531 0.0518
1.8736 0.1278
2.0006 0.0870
0.4006 0.1342
1.9640 0.1172
0.0340 0.1919
4.7304 0.1110
1.1618 0.1338
5.3053 0.0849
0.3148 0.1158
0.7167 0.1254
9.7839 0.0714
0.0775 0.1896
1.3648 0.1515
1.6176 0.1194
0.1326 0.1899
2.3152 0.1067
0.0618 0.1776
0.9766 0.1479
0.1854 0.1416
0.0298 0.2113
5.7537 0.0227
2.2157 0.1260
2.5855 0.1285
0.1542 0.1237
7.2255 0.0878
3.3538 0.1081
0.1015 0.1938
9.3896 0.0625
5.2146 0.1032
0.5862 0.1442
6.3535 0.0843
7.1283 0.1096
4.5404 0.0664
0.1936 0.1666
1.3543 0.1054
0.6325 0.1365
1.4023 0.1317
0.1932 0.1445
0.4112 0.1026
2.5706 0.1185
5.5959 0.0796
0.1875 0.1561
4.1834 0.1041
2.0489 0.1212
4.1699 0.0949
0.1181 0.1889
0.0071 0.2425
1.3185 0.1283
0.9661 0.1357
0.4114 0.1362
4.8424 0.1231
1.2816 0.1245
6.4369 0.0925
1.7067 0.1097
0.7572 0.1620
5.8583 0.0657
1.1755 0.1156
0.1985 0.1808
9.1432 0.0462
0.1653 0.1728
1.2345 0.1206
1.5982 0.1046
0.0337 0.2071
0.4459 0.1573
9.6879 0.0604
0.7978 0.1117
0.4015 0.1663
0.4643 0.1270
1.4039 0.1045
5.0822 0.0820
4.1716 0.0890
1.1347 0.1310
0.2937 0.1451
0.4672 0.1286
0.3089 0.1697
0.1619 0.1660
6.0128 0.0873
2.8877 0.1118
4.6317 0.0764
1.2693 0.1355
6.4836 0.0599
1.0640 0.1289
0.0897 0.1836
0.0395 0.1767
2.3086 0.1168
1.0720 0.1241
0.0625 0.1754
3.3644 0.1002
2.2676 0.1274
9.7569 0.0877
1.9789 0.1236
2.4308 0.0994
0.0534 0.2052
4.0787 0.0906
2.6740 0.0724
0.1283 0.1662
3.0003 0.0679
0.4831 0.1587
1.0581 0.1423
0.5007 0.1331
0.7686 0.1318
1.8035 0.1148
0.2053 0.1762
3.2593 0.0948
0.0144 0.2120
7.1677 0.0872
0.1745 0.1216
0.0452 0.2087
0.3910 0.1716
1.1338 0.1090
0.1652 0.1685
0.1759 0.1629
8.5008 0.0665
4.3526 0.1036
2.5893 0.0836
0.0089 0.2273
1.6277 0.1294
1.9649 0.0683
0.3649 0.1517
2.6862 0.0922
0.3558 0.1452
1.0217 0.1427
1.4423 0.1461
1.4363 0.1167
0.4318 0.1363
1.8029 0.1098
3.2039 0.0852
1.3265 0.1204
0.2406 0.1610
2.2727 0.1021
1.4603 0.1096
6.1164 0.0855
0.0313 0.1934
0.5581 0.1359
0.7170 0.1420
0.0385 0.1956
1.6936 0.1147
0.6168 0.1257
0.1006 0.1529
0.5603 0.1320
1.7211 0.1002
1.8674 0.0919
0.0832 0.1447
0.1152 0.1829
2.1351 0.1113
0.3104 0.1521
0.4490 0.1551
0.4725 0.1478
0.2487 0.1590
1.6851 0.1085
8.8822 0.0710
0.0642 0.1748
4.4322 0.1096
2.6918 0.0775
1.6963 0.0842
2.3818 0.0522
1.0686 0.1430
1.2190 0.1199
1.9717 0.0835
0.0692 0.1779
2.9109 0.1430
1.7067 0.0882
4.5056 0.1030
1.4810 0.1340
0.0197 0.2146
0.5436 0.1518
2.9228 0.0709
3.6308 0.0737
6.3570 0.0678
5.1139 0.0854
0.0642 0.1925
0.9699 0.0679
2.8057 0.1195
8.8050 0.0647
0.7273 0.1332
1.0247 0.1299
1.9974 0.1507
0.1870 0.1560
0.8258 0.1300
6.2019 0.1123
0.8557 0.0873
5.4554 0.1035
1.7980 0.1146
1.0644 0.1420
2.7369 0.0937
4.1780 0.0929
5.5713 0.0702
0.2823 0.1178
0.3765 0.1138
0.6772 0.1617
4.6873 0.1023
0.5954 0.1299
10.5656 0.0669
0.1176 0.1715
3.6447 0.1190
0.0164 0.2172
0.6004 0.1485
2.0511 0.1040
8.3180 0.0770
0.1370 0.1826
0.2179 0.1796
2.0557 0.1142
0.2392 0.1543
5.7327 0.1045
0.3878 0.1362
1.2731 0.1338
0.1008 0.1747
3.0930 0.1077
3.6344 0.0861
1.7987 0.1147
0.5149 0.1281
3.5395 0.0935
0.1116 0.1955
2.3844 0.1325
0.2454 0.1737
4.2610 0.0936
0.3777 0.1705
2.0962 0.0835
2.5800 0.1592
1.0569 0.1444
9.5923 0.0837
1.3593 0.1900
2.6466 0.0929
3.7499 0.1375
2.3544 0.1305
1.1500 0.1010
2.5289 0.1369
0.9072 0.1166
0.4685 0.1623
0.0852 0.1722
1.8694 0.0961
0.2077 0.1685
3.5307 0.1526
0.5652 0.1292
1.0052 0.1315
0.8262 0.1223
1.5577 0.0760
3.9087 0.0844
11.1885 0.0805
0.0567 0.1637
2.0514 0.1273
0.8058 0.1445
1.5394 0.1282
2.5444 0.0939
2.5429 0.1099
1.1619 0.1130
4.0383 0.0846
0.6488 0.1466
0.7190 0.1247
1.0343 0.1119
0.1731 0.1486
0.6471 0.1182
0.6538 0.1501
2.9991 0.0990
0.4592 0.1503
1.3802 0.1120
4.3200 0.0766
2.3424 0.1527
4.8752 0.1101
1.4692 0.1470
7.9604 0.0851
2.6546 0.1177
1.9656 0.1038
0.7502 0.1584
0.7237 0.1470
1.2392 0.1407
0.0318 0.1794
2.2000 0.0646
1.3314 0.1135
3.0112 0.1092
3.0256 0.0775
0.3244 0.1360
0.6349 0.1459
2.5758 0.0991
1.3554 0.1215
7.8879 0.1148
3.0989 0.0758
0.9032 0.1428
2.6690 0.0978
2.0451 0.1075
2.0024 0.1210
1.4022 0.1310
2.3457 0.1082
2.1080 0.1025
0.1910 0.1768
0.7162 0.1547
0.4165 0.1097
1.2018 0.1428
5.0614 0.1106
1.0887 0.1295
0.3786 0.1451
0.9140 0.1213
0.0476 0.1807
4.4339 0.1134
0.3608 0.1461
4.5237 0.0939
5.5348 0.0882
2.4304 0.1041
0.9874 0.1331
0.0592 0.1646
0.4015 0.0970
0.8371 0.2126
2.4340 0.0539
0.5324 0.1284
4.6863 0.0307
3.7044 0.1165
0.5271 0.1482
1.5737 0.1085
0.2960 0.1715
2.7498 0.0929
3.6792 0.1044
4.1448 0.1121
0.7356 0.1275
0.3517 0.1497
0.9787 0.1181
2.1333 0.1232
0.5575 0.2770
0.5231 0.1519
0.1605 0.1518
1.7594 0.0875
3.6310 0.1153
2.0483 0.1039
0.0077 0.2212
1.0893 0.1386
1.0962 0.1390
9.0746 0.1087
2.1390 0.0889
1.7007 0.1015
3.1785 0.1005
2.1966 0.1220
0.4741 0.1366
11.2965 0.0347
3.3833 0.1195
0.2186 0.1718
2.1532 0.1300
2.9941 0.1146
9.7646 0.0937
1.1042 0.1155
2.5983 0.0984
0.1316 0.1752
0.4822 0.1675
2.7129 0.1135
5.0506 0.0862
1.2108 0.0949
2.1378 0.1004
0.2535 0.1743
0.7150 0.1232
10.2184 0.0811
0.1620 0.1578
0.2851 0.1664
1.3678 0.0948
5.7341 0.1226
2.5033 0.0997
0.7919 0.1347
2.9936 0.1142
1.2003 0.1265
0.0023 0.2402
0.5377 0.1430
0.4569 0.1547
0.2395 0.1110
3.9091 0.0982
4.8447 0.1099
0.2141 0.1357
4.2169 0.1039
1.3010 0.1123
2.2060 0.0990
0.3449 0.1578
1.1902 0.1056
4.2313 0.0890
0.8668 0.1481
9.4633 0.0795
3.1336 0.0796
0.1454 0.1767
0.2188 0.1785
0.1874 0.1671
7.0091 0.0996
0.0049 0.2189
0.2924 0.1500
1.5367 0.1018
2.7375 0.1088
2.5445 0.1257
2.7185 0.1040
2.1359 0.1185
6.3227 0.1011
4.3569 0.1141
0.7997 0.0888
1.1128 0.1409
5.0714 0.1136
4.1967 0.0973
0.8641 0.0756
0.3021 0.1280
1.3088 0.1124
1.0959 0.1181
3.2878 0.1075
3.2499 0.1054
0.0135 0.2302
1.9435 0.0894
2.8932 0.0623
0.0185 0.2019
0.1655 0.1510
0.7430 0.1284
0.1070 0.1499
4.1074 0.1037
6.9723 0.0863
1.1024 0.1070
0.4332 0.1636
0.0564 0.1916
3.6534 0.0998
2.1331 0.1123
2.4447 0.0973
0.6757 0.1355
1.9104 0.1214
0.8062 0.1364
2.9296 0.1188
0.2890 0.1780
3.2702 0.1287
0.6049 0.1256
0.0002 0.2817
5.8169 0.1038
0.1270 0.1734
2.0551 0.0902
2.5001 0.1000
0.5804 0.1167
3.2982 0.0935
0.2680 0.1410
2.9688 0.1315
1.3795 0.1152
1.0992 0.1505
4.6723 0.0463
1.2025 0.1312
0.1790 0.1520
5.3697 0.1158
5.5028 0.0614
0.4729 0.1417
0.6730 0.1416
1.9462 0.1108
1.3250 0.2349
3.0673 0.0882
0.7800 0.1513
3.5415 0.0812
1.7968 0.1213
6.4342 0.0743
2.3996 0.1230
0.2580 0.1819
1.8200 0.1107
1.7319 0.0826
0.9764 0.1234
0.3687 0.1475
0.0164 0.2003
2.2545 0.1225
1.4671 0.1280
1.2572 0.1368
4.4639 0.1055
4.5550 0.0994
0.2256 0.1643
6.8934 0.1240
3.6487 0.0944
1.4508 0.1305
1.7534 0.1098
1.1538 0.1111
0.2568 0.1682
1.3498 0.1441
1.7919 0.1478
0.6898 0.1231
3.4173 0.1110
0.8019 0.1261
0.0358 0.1659
4.5975 0.0945
0.2304 0.1539
2.4989 0.0996
2.4411 0.1130
9.0426 0.0685
0.8194 0.1529
1.9992 0.0927
2.6153 0.1132
0.8426 0.1254
3.8480 0.0832
1.7411 0.1087
3.2317 0.0550
1.0721 0.1217
0.0471 0.1978
4.0385 0.0660
3.4509 0.0974
1.5604 0.1030
2.3361 0.0887
0.3115 0.1612
0.0855 0.2071
0.9585 0.1269
0.5365 0.1433
5.4270 0.1506
3.1068 0.1401
0.0411 0.1988
0.9563 0.0950
3.8405 0.1130
0.2043 0.1726
0.6424 0.1584
0.0795 0.1868
3.0040 0.0625
4.9134 0.0772
4.2824 0.1268
6.3883 0.0992
1.6293 0.1213
0.3050 0.1682
3.0304 0.0915
1.9224 0.1207
0.7119 0.1196
0.9088 0.1046
3.0440 0.2120
0.0207 0.2081
2.1375 0.1031
1.5848 0.0864
0.1229 0.1945
0.5188 0.1114
7.2719 0.0959
0.7614 0.1360
0.2497 0.1374
2.6489 0.0599
5.4692 0.0728
3.3835 0.1126
1.4606 0.1336
0.6064 0.1291
0.2108 0.1785
4.1405 0.1058
1.0711 0.1116
7.1988 0.0452
0.8281 0.1285
3.0923 0.1201
2.5013 0.0796
0.3690 0.1610
2.2774 0.1158
0.6741 0.1411
1.0904 0.1361
0.2805 0.1420
2.7020 0.1085
1.6516 0.1079
0.0396 0.1853
0.7693 0.1549
1.8503 0.1242
1.7212 0.1270
1.2482 0.1212
0.1801 0.1671
3.3618 0.0867
5.1422 0.0569
1.5565 0.1134
0.6356 0.1061
0.3112 0.1593
0.2006 0.1451
5.4801 0.1051
0.7210 0.1259
1.9135 0.1218
2.9770 0.1390
0.2601 0.1354
4.8894 0.0972
1.6384 0.1106
0.1872 0.1482
3.8877 0.1119
0.5249 0.1520
1.3490 0.1269
2.3186 0.1260
10.6069 0.0803
0.0119 0.2277
1.4007 0.1114
5.8517 0.0897
1.2108 0.0919
1.5936 0.1054
0.1282 0.1558
1.4985 0.1386
0.3199 0.1575
14.6790 0.2328
0.9680 0.1275
1.2379 0.1175
0.0873 0.2013
7.5276 0.1127
2.0449 0.1212
0.1692 0.1493
4.2234 0.0846
0.7716 0.1303
0.5834 0.1413
0.9285 0.1283
0.0554 0.1998
1.5500 0.1415
4.4224 0.0921
0.3339 0.1747
6.7290 0.0314
5.6643 0.1429
5.7031 0.0548
0.2406 0.1794
4.1189 0.1193
1.7236 0.1452
3.6705 0.1158
0.2923 0.1696
4.8511 0.0541
0.2405 0.1734
1.5052 0.0644
0.0111 0.2300
1.2721 0.1271
1.0393 0.1000
0.1253 0.1828
0.7179 0.1484
0.5168 0.1787
2.2708 0.0895
6.3586 0.0789
3.7515 0.1102
1.1353 0.1216
0.5239 0.1465
1.5574 0.1141
1.8453 0.0632
4.5741 0.0738
1.6129 0.1224
0.3010 0.1328
1.3702 0.1038
0.1066 0.1705
1.8895 0.1206
8.6449 0.0949
3.0690 0.1058
0.0365 0.1839
2.6214 0.0930
3.1296 0.1263
0.3545 0.1430
6.3160 0.1237
3.1611 0.1003
0.9095 0.1066
1.8529 0.1071
0.2814 0.1642
1.3617 0.1294
3.5727 0.1012
1.3361 0.1306
0.0391 0.2017
0.9378 0.1471
3.6784 0.0957
2.2258 0.0891
1.9543 0.1356
5.2625 0.0986
1.7748 0.1135
0.8512 0.1232
2.0656 0.0960
0.6789 0.1575
0.0714 0.1815
4.9768 0.1019
1.1980 0.1212
0.3102 0.1429
0.0379 0.1967
0.1429 0.1327
1.4162 0.1386
0.9207 0.1028
3.2628 0.1332
0.0241 0.1935
1.3839 0.1027
0.4541 0.1533
2.9759 0.1201
0.9919 0.1327
7.6812 0.0270
5.5281 0.0727
0.1002 0.1897
4.2704 0.1173
3.1522 0.1084
0.1499 0.1810
3.3932 0.1345
0.1871 0.1840
0.6932 0.1354
0.4677 0.1638
2.1131 0.1081
0.4719 0.1210
1.8178 0.0232
0.5371 0.1492
3.9648 0.0763
1.5716 0.1139
4.2139 0.0848
2.1101 0.0908
1.1943 0.1230
0.1580 0.1405
0.1198 0.2035
1.7122 0.0825
0.8189 0.1095
0.0612 0.1758
0.7683 0.1471
0.2673 0.1728
0.5001 0.0828
8.6301 0.0765
3.6109 0.0271
1.8354 0.1209
3.3503 0.0580
0.0057 0.2273
1.9992 0.0553
2.9231 0.0819
6.1308 0.0897
6.5134 0.0494
0.8744 0.1250
2.4379 0.0911
5.0358 0.1176
0.6200 0.1347
2.9970 0.0672
0.3046 0.1603
1.2911 0.1394
0.8499 0.1270
3.9778 0.1217
0.8261 0.1574
2.3632 0.0743
0.2586 0.1311
0.4005 0.1401
4.2882 0.1014
0.7437 0.1336
3.5112 0.1257
4.7187 0.1076
3.3921 0.0844
0.1423 0.1754
2.4059 0.0964
1.4563 0.1230
0.7798 0.1547
0.6293 0.1165
2.2472 0.1116
0.2675 0.1282
2.3150 0.0887
0.3227 0.1796
1.2271 0.1373
1.0605 0.1409
5.3433 0.0751
2.0489 0.1469
3.1106 0.0768
0.0438 0.1960
0.0621 0.1832
1.2236 0.1288
0.8455 0.1328
1.6297 0.1168
0.7224 0.1049
1.0387 0.1879
2.1821 0.1074
2.5678 0.0506
1.6137 0.1132
0.2539 0.1354
2.0328 0.1068
4.6086 0.0966
0.5737 0.1361
0.8945 0.1402
0.2562 0.1636
0.7915 0.1431
0.2224 0.1727
0.1628 0.1884
3.1401 0.0955
1.4125 0.1314
4.6139 0.0630
3.5431 0.0535
0.8899 0.1490
0.8051 0.1331
0.2481 0.1515
0.3458 0.1502
0.8225 0.1273
2.2609 0.0862
1.5029 0.1279
0.6547 0.0965
1.0837 0.1171
6.8630 0.2180
2.5304 0.1216
0.9631 0.1199
0.3241 0.1336
0.6320 0.1446
6.3304 0.0854
1.7090 0.0566
0.1980 0.1414
0.7951 0.1035
2.6502 0.0751
0.9352 0.1303
4.6165 0.0662
1.8073 0.1045
0.2722 0.1249
0.3622 0.1609
2.7044 0.1142
1.3536 0.1299
0.5807 0.1412
0.2869 0.1607
3.2093 0.0700
0.0439 0.1912
1.2683 0.1134
1.4379 0.0770
0.7171 0.1439
0.7960 0.1400
1.6909 0.1015
5.4705 0.0696
0.1925 0.1563
3.0393 0.1054
1.4443 0.0770
5.0685 0.0896
0.6552 0.1350
0.2134 0.1269
1.5198 0.0586
2.3616 0.1263
0.4046 0.1458
4.2586 0.1097
0.0333 0.2071
1.8818 0.1049
1.1935 0.1026
4.2104 0.0712
0.0232 0.2001
1.2890 0.1359
0.0980 0.1797
0.6545 0.1499
2.1998 0.0843
1.7853 0.1279
7.6324 0.0909
2.0707 0.1435
8.2029 0.0530
0.8821 0.1470
0.8975 0.0891
2.3668 0.0953
0.2857 0.1393
0.1931 0.1642
7.0070 0.0770
1.1149 0.1112
0.1169 0.1993
4.8611 0.1033
0.2608 0.1303
0.8404 0.1186
6.3464 0.1171
3.6446 0.0780
1.0352 0.1045
2.4237 0.1621
3.8656 0.1190
1.0626 0.1393
0.5540 0.1203
0.7900 0.1353
1.0985 0.0987
1.2517 0.1056
1.4426 0.1532
5.0245 0.1057
1.7355 0.1259
2.6562 0.1103
1.5497 0.1134
3.6851 0.0429
1.0840 0.1075
0.3450 0.1595
2.4769 0.0652
0.2656 0.1421
1.9111 0.0857
0.5666 0.1286
0.9116 0.1653
2.4240 0.0520
0.6755 0.1372
1.4301 0.1258
0.5704 0.1549
9.1888 0.0896
1.7725 0.1245
0.7987 0.1439
1.8540 0.0984
3.3267 0.0913
0.3788 0.1332
1.0217 0.1419
1.2454 0.1467
0.3414 0.1581
2.3658 0.1002
0.9668 0.1287
3.2878 0.0981
0.7171 0.1467
0.1203 0.1905
0.0667 0.1987
0.0097 0.2144
0.1505 0.1840
4.8493 0.0932
0.0209 0.2042
2.8666 0.0814
1.3802 0.1502
1.6805 0.1052
2.7939 0.0863
0.6700 0.1307
0.5483 0.1309
0.2098 0.1631
2.2762 0.1255
3.9244 0.0927
5.6789 0.0711
0.5915 0.1580
3.4731 0.1528
0.7692 0.1357
0.3499 0.1572
3.2336 0.1305
2.2173 0.1091
1.2654 0.1326
2.2459 0.1225
2.5887 0.1068
5.9640 0.0570
12.0930 0.0515
3.1705 0.1154
1.6136 0.1203
3.4620 0.1211
1.8416 0.1077
0.6546 0.1344
5.6775 0.0685
1.2545 0.1010
3.3731 0.1100
0.3570 0.1162
0.2804 0.1847
0.0335 0.2027
0.5517 0.1266
0.6453 0.1543
3.7334 0.0840
2.0909 0.1101
0.3134 0.1328
1.7495 0.1303
2.3746 0.1120
0.3092 0.1614
4.9201 0.0892
0.2853 0.1385
1.9401 0.2330
2.1314 0.0853
0.7795 0.1206
0.6338 0.1536
0.5526 0.1458
0.4338 0.1417
0.9626 0.1311
0.0999 0.1823
0.5032 0.1057
4.1915 0.0843
2.8406 0.0755
0.2368 0.2140
3.8298 0.0900
1.8399 0.1153
0.6056 0.1404
1.0013 0.1199
1.4187 0.1122
2.2035 0.0814
4.6489 0.0842
1.8528 0.0600
4.1299 0.1117
0.4043 0.1531
1.6953 0.1022
0.9158 0.0901
0.5312 0.1405
6.0799 0.1126
5.2990 0.0762
5.2884 0.0935
0.2479 0.1539
6.7495 0.0887
0.0691 0.1688
0.3393 0.1418
0.1210 0.1846
0.1110 0.1892
0.5431 0.1451
0.0640 0.1775
0.2413 0.1365
1.4605 0.0526
0.9111 0.1415
2.2799 0.1021
1.4797 0.1186
1.8526 0.0876
0.3007 0.1471
3.7778 0.1076
0.0721 0.1770
1.5982 0.1065
5.5206 0.1001
2.3680 0.1264
0.2390 0.1643
1.4054 0.1338
0.0734 0.1855
1.9839 0.0980
0.9224 0.1061
0.3682 0.1609
3.6603 0.1113
2.7762 0.1117
0.2236 0.1503
0.7916 0.1457
2.7612 0.0858
3.8244 0.1193
0.0170 0.2172
1.4690 0.1279
5.0378 0.0798
1.0912 0.1177
1.0252 0.1431
0.5576 0.1652
0.6081 0.1402
3.9003 0.1061
1.3069 0.1266
1.2923 0.1216
1.3870 0.1109
2.0084 0.1328
0.0547 0.2047
0.6643 0.1545
0.9451 0.1410
0.7523 0.1452
1.9546 0.1316
6.7992 0.2435
0.7375 0.0965
7.1189 0.0495
4.7988 0.1286
0.7310 0.1531
1.4068 0.1202
1.2348 0.1155
6.5620 0.0828
0.4616 0.1396
0.0489 0.1837
0.7677 0.1327
3.2475 0.1259
0.6038 0.1362
0.1822 0.1734
1.3022 0.1558
0.0161 0.2004
0.0524 0.1871
1.1729 0.1203
0.7179 0.1329
5.5602 0.1193
1.3014 0.1252
0.9336 0.0963
0.0726 0.1820
0.1016 0.1574
3.7081 0.0971
0.2103 0.1614
1.5895 0.1254
2.5452 0.0974
2.8389 0.1615
4.1013 0.1117
3.5971 0.0937
0.6843 0.1573
7.6531 0.0530
0.0569 0.1605
1.8966 0.1112
1.4687 0.1158
1.3966 0.1324
9.0873 0.0350
0.0500 0.1857
1.0115 0.1361
1.5893 0.1155
0.2078 0.1739
0.3815 0.1506
7.7138 0.0425
0.1897 0.1257
1.5511 0.1378
8.4532 0.0795
0.8348 0.1120
1.1172 0.1450
3.1637 0.1014
0.1261 0.1757
3.2423 0.0941
6.2591 0.1028
1.8750 0.0961
0.5693 0.1613
5.4800 0.0832
7.7385 0.0822
1.1619 0.1302
0.3507 0.1514
2.2562 0.0553
0.4373 0.1489
0.6863 0.1545
1.7097 0.0880
1.3434 0.0974
3.3073 0.1058
1.6986 0.1077
1.8351 0.1135
0.0669 0.1746
4.3974 0.0559
3.6285 0.0859
4.0716 0.0503
0.0556 0.1777
1.8672 0.1158
1.0215 0.0995
1.9427 0.1146
0.1281 0.1829
0.0060 0.2234
0.1964 0.1676
4.4604 0.1210
6.0707 0.0838
1.0461 0.0945
0.2405 0.1602
0.9451 0.1479
0.0125 0.2240
1.6151 0.1281
1.9216 0.0980
5.5048 0.1012
0.7581 0.1294
0.6569 0.1542
2.8257 0.1137
1.8075 0.1138
3.5329 0.1031
0.6403 0.1408
1.2855 0.1547
1.2803 0.1352
3.0656 0.1068
1.0193 0.1270
0.3804 0.1613
0.3229 0.1290
0.1275 0.1713
0.0085 0.2247
0.0346 0.1909
3.7758 0.0935
0.6333 0.1290
1.9895 0.1101
0.2317 0.1524
5.3089 0.0336
0.0500 0.1902
3.0571 0.1056
14.6794 0.4456
2.8761 0.0573
4.0782 0.0592
1.4737 0.1055
0.2346 0.1579
0.0365 0.1941
0.2479 0.1693
0.5554 0.0941
2.4366 0.1022
1.1519 0.1265
2.1211 0.0887
0.7458 0.1556
1.1676 0.1118
0.7420 0.1436
2.8478 0.1110
0.0193 0.2030
3.2966 0.1122
1.3039 0.0960
0.6875 0.1233
0.1636 0.1528
1.7299 0.0768
2.1894 0.1081
1.1423 0.1443
2.9966 0.0791
2.4268 0.0877
0.4807 0.1086
2.4437 0.1071
0.9140 0.1350
0.4891 0.1591
2.0380 0.1186
1.7008 0.1356
2.2711 0.1114
0.7691 0.1507
8.4090 0.0666
5.3265 0.0643
0.4227 0.1410
0.3129 0.1710
0.5785 0.1261
2.3893 0.0941
0.8800 0.1288
0.2167 0.1606
0.1355 0.1760
3.7158 0.1062
0.5980 0.1437
0.7767 0.1291
0.0385 0.2040
4.4013 0.0875
2.2302 0.1281
4.3114 0.0976
3.1120 0.1028
0.0717 0.1757
4.2461 0.1222
5.0325 0.1043
1.6446 0.1074
6.7196 0.0872
0.8433 0.1161
6.0592 0.1020
0.0432 0.1902
7.4879 0.0248
3.1420 0.1208
2.1797 0.1372
2.7384 0.1039
0.5460 0.1271
4.5633 0.0876
1.8298 0.1098
3.7822 0.0980
0.0123 0.2010
0.2334 0.1436
0.6660 0.1017
1.8903 0.1199
2.2518 0.1294
4.6933 0.1170
2.5113 0.1180
3.7391 0.1138
4.0445 0.0784
4.9087 0.0580
3.6977 0.0489
9.0954 0.0742
2.8389 0.0736
0.5099 0.1231
1.6581 0.1351
0.1972 0.1869
1.7137 0.1172
0.0553 0.2013
4.5782 0.0885
2.5809 0.1218
0.2334 0.1472
1.6850 0.1294
5.7568 0.1636
0.1946 0.1793
2.1751 0.1145
0.2242 0.1465
9.4148 0.1085
0.4053 0.1663
12.1459 0.0575
0.2734 0.1446
5.6864 0.1040
3.8516 0.1100
1.0942 0.1426
6.0467 0.1106
2.8009 0.1128
1.0340 0.1371
0.6174 0.1266
0.0248 0.1892
1.8503 0.1054
6.3118 0.0625
0.2180 0.1547
2.1714 0.1182
1.8098 0.1366
2.8070 0.1081
0.3176 0.1070
0.0392 0.1991
0.5409 0.1620
2.5932 0.0930
0.1892 0.1756
0.0337 0.1863
1.8903 0.0999
0.0279 0.2048
1.5287 0.0828
0.0270 0.2196
2.6909 0.0746
1.4366 0.1142
0.1050 0.1821
1.0133 0.1053
0.8025 0.1598
0.0215 0.2256
2.9023 0.1218
2.2067 0.0775
0.2823 0.1527
5.1352 0.0741
4.0662 0.1177
1.6444 0.1394
0.2501 0.1623
0.3932 0.1166
2.2695 0.1109
1.3583 0.1138
0.8726 0.1367
4.5070 0.0696
0.0577 0.1954
3.6115 0.1072
0.4671 0.1310
0.7316 0.1388
0.1405 0.1795
3.3229 0.1194
6.8213 0.0948
0.0246 0.2021
1.4502 0.1296
3.3323 0.0994
0.4796 0.1434
0.1892 0.1956
1.1581 0.1302
3.1619 0.1324
2.9266 0.1222
1.1061 0.1232
2.8258 0.0991
1.4663 0.1266
0.0422 0.1950
6.4692 0.1050
3.1604 0.1230
1.6711 0.1264
0.8037 0.1356
1.5821 0.1356
2.7519 0.1269
0.6609 0.1303
2.2431 0.0717
4.1600 0.0948
5.6029 0.0733
0.1821 0.1544
0.1686 0.1762
0.0946 0.1776
0.4848 0.1132
1.3562 0.1061
9.9264 0.0653
4.2615 0.0519
1.7816 0.0909
1.7090 0.1349
1.7308 0.1352
0.0802 0.1576
13.5211 0.0500
3.9049 0.1096
0.0599 0.1703
0.1270 0.1894
0.0359 0.2090
3.6445 0.0681
1.0663 0.1457
1.1974 0.1252
5.6497 0.0948
1.8970 0.0871
6.7027 0.0908
2.5066 0.1110
8.7524 0.0937
6.5776 0.0748
1.2750 0.1105
0.1197 0.1316
0.0330 0.1901
0.6959 0.1336
0.9005 0.1401
2.0810 0.1127
1.5572 0.1034
0.0655 0.1769
8.0584 0.0769
1.0339 0.1063
0.0457 0.1998
0.2072 0.1686
0.9175 0.1301
1.0209 0.1474
6.9573 0.0749
0.2875 0.1624
3.9147 0.0929
0.4350 0.1693
0.7182 0.1459
9.4617 0.0963
8.8483 0.0832
2.2619 0.1351
1.1028 0.1270
0.8768 0.1544
6.9515 0.1160
0.7896 0.1394
8.0234 0.0490
0.4107 0.1271
0.7250 0.1384
5.5954 0.1091
1.6940 0.1281
0.5814 0.1576
6.0799 0.0920
5.5012 0.0928
4.7050 0.0985
3.1053 0.0750
1.9321 0.1141
0.5405 0.1152
0.8040 0.1112
1.0398 0.1320
4.6100 0.0222
1.5790 0.0991
2.1222 0.1249
8.4111 0.0814
0.0750 0.1767
1.0660 0.1245
3.2895 0.0900
3.2128 0.0783
5.6753 0.1032
0.0333 0.1820
1.1140 0.1168
1.4529 0.1331
0.3406 0.1641
0.6108 0.1603
3.8600 0.0552
1.4794 0.1263
1.9029 0.1053
5.5256 0.0953
5.4651 0.0930
0.7235 0.1470
0.2259 0.1340
1.8018 0.1222
0.4214 0.1315
5.7218 0.1229
0.6140 0.1416
0.0720 0.2054
2.9334 0.1117
0.6816 0.1481
1.1010 0.1237
1.4805 0.1331
1.6124 0.1067
2.2751 0.0833
3.7018 0.0676
2.0295 0.1252
3.6798 0.1071
1.1952 0.1363
5.9776 0.0316
3.7890 0.1161
1.6380 0.1030
8.8145 0.0825
1.0814 0.1226
0.3310 0.1468
1.9039 0.1147
0.4478 0.1504
0.3587 0.1513
2.9631 0.0986
0.2020 0.1728
0.0022 0.2505
2.6848 0.0942
2.1912 0.1146
0.4429 0.1590
0.1539 0.1406
2.3197 0.1051
7.2642 0.0851
2.3908 0.1213
0.4430 0.1277
2.3548 0.0843
0.2613 0.1539
1.7102 0.0629
5.1763 0.0559
2.2856 0.1158
5.5200 0.0901
1.0730 0.0865
1.7455 0.0968
2.9859 0.1147
0.2657 0.1588
1.3218 0.1338
2.4120 0.1007
0.0587 0.1853
2.5862 0.1053
0.2538 0.1679
1.2601 0.1267
1.9391 0.0902
1.0829 0.1462
0.9949 0.1516
3.7106 0.1018
2.2085 0.0857
0.2284 0.1709
2.4317 0.1162
9.4958 0.0897
1.9943 0.0825
1.9012 0.1280
0.4288 0.1250
4.2361 0.0713
0.0092 0.2273
1.1271 0.1181
1.8690 0.1222
4.6398 0.0968
1.0557 0.1224
4.2796 0.1610
0.2897 0.1281
0.6254 0.1466
3.8351 0.0861
0.3613 0.1577
0.6391 0.1397
2.6304 0.1090
2.8313 0.1181
3.1796 0.1162
5.3412 0.0818
2.5222 0.1031
3.3956 0.0923
1.2809 0.1258
0.3353 0.1570
0.9543 0.1361
4.3849 0.0720
1.0331 0.1443
0.5803 0.1429
0.4461 0.1641
1.0326 0.1194
6.7251 0.0807
3.9669 0.1053
1.0023 0.1302
2.9840 0.1034
0.7801 0.1355
8.6143 0.0515
0.8939 0.0986
4.6706 0.1036
1.7056 0.0750
0.7515 0.1128
2.7119 0.1136
4.8906 0.0877
12.1038 0.0691
0.2629 0.1598
1.2171 0.1047
1.2089 0.1038
1.1920 0.1253
4.0845 0.0567
2.3447 0.1209
0.6030 0.1561
0.1200 0.1747
0.8268 0.1402
6.1445 0.1001
1.5971 0.1346
0.1339 0.1836
5.6964 0.1118
4.1906 0.0621
1.9591 0.1276
2.6909 0.1113
3.5370 0.1109
1.0640 0.1013
1.4554 0.1180
4.0211 0.0646
1.7079 0.1039
2.5918 0.1193
0.5010 0.1605
8.4043 0.0842
5.0184 0.0801
6.4827 0.1261
2.7535 0.1191
9.5507 0.1112
1.8614 0.1146
0.1911 0.1684
0.1949 0.1377
0.5671 0.1486
5.2665 0.0885
4.5896 0.0741
0.4900 0.1378
3.9654 0.0743
0.9009 0.1578
4.8300 0.0944
0.2850 0.1601
2.8362 0.1144
2.5363 0.1136
8.1962 0.0895
0.8645 0.1553
1.6136 0.1062
3.0200 0.1125
0.3997 0.1483
4.6566 0.0973
2.7190 0.0897
1.8125 0.1372
7.8071 0.0898
0.6948 0.1578
0.1501 0.1842
0.2127 0.1713
2.2910 0.0959
2.0725 0.1300
3.1325 0.0934
5.8951 0.1097
4.9570 0.0952
8.1012 0.1420
2.5009 0.1130
1.4328 0.1252
3.1445 0.0895
5.5022 0.0975
1.0926 0.1201
8.0520 0.1098
2.4806 0.1106
3.3181 0.0955
6.7824 0.0892
1.7628 0.0910
0.7449 0.1382
1.5025 0.1220
1.3732 0.1240
4.7092 0.0882
0.8119 0.1436
4.3164 0.1098
0.1003 0.1897
1.6050 0.1301
1.6483 0.1116
0.9263 0.1281
1.9029 0.1133
2.5032 0.1227
3.2945 0.1083
3.2874 0.1291
0.9041 0.1241
3.6076 0.0984
2.4463 0.1106
0.3012 0.1532
1.0167 0.1363
5.6909 0.0646
1.1229 0.1164
1.3934 0.1230
0.3995 0.1338
3.2268 0.0801
0.0693 0.1878
0.0060 0.2420
0.4638 0.1150
7.3631 0.0443
0.8910 0.0957
0.5490 0.1556
1.2244 0.1414
0.0506 0.1907
1.0641 0.1154
1.5389 0.1098
0.4432 0.1680
1.1172 0.1148
0.0029 0.2329
1.4581 0.1331
0.9283 0.1606
3.0197 0.0939
2.5907 0.1139
1.7009 0.1069
0.1428 0.1783
2.7490 0.0875
0.0060 0.2263
0.7773 0.1384
2.2383 0.1015
0.3263 0.1778
8.3628 0.0792
1.5906 0.1560
2.2362 0.0863
12.2092 0.0893
0.2820 0.1540
0.0940 0.1536
0.9476 0.1038
3.9507 0.0658
1.4454 0.1152
7.3392 0.0754
5.2706 0.0617
2.1298 0.1076
3.4119 0.0977
7.6530 0.0679
0.0339 0.2034
0.2604 0.1431
1.1889 0.1452
2.3844 0.1198
0.8178 0.1232
0.0605 0.1757
2.1117 0.0989
3.2638 0.1066
1.5699 0.0831
0.6542 0.1269
0.1560 0.1580
0.0868 0.1985
2.2667 0.1395
0.9170 0.1404
0.0261 0.2093
0.1454 0.1771
2.8312 0.0578
2.2959 0.0743
3.6027 0.0776
6.1287 0.0787
4.7396 0.0823
1.8546 0.1343
1.5761 0.1203
3.0419 0.0916
0.0599 0.1890
0.6571 0.1404
0.2930 0.1393
0.0086 0.2196
1.4422 0.1413
0.0913 0.1832
0.6767 0.1309
1.4180 0.0804
2.1822 0.1460
0.0153 0.2190
2.0214 0.0846
1.7383 0.0610
0.7699 0.1182
1.2492 0.1212
1.3960 0.1180
1.7330 0.1141
0.1352 0.1660
2.5206 0.1302
5.8553 0.0871
3.6114 0.0837
0.0441 0.2110
0.8328 0.1368
0.0568 0.1988
1.9090 0.1075
3.5823 0.1022
1.7761 0.0579
3.5372 0.1170
0.4336 0.1520
1.1231 0.1350
0.4655 0.1865
8.6053 0.1320
0.9420 0.1167
2.8756 0.0868
2.8050 0.0968
0.6848 0.1300
5.5193 0.0987
0.2738 0.1416
1.0273 0.1116
0.0730 0.1723
0.6140 0.1067
0.0749 0.1995
4.9540 0.0900
2.5599 0.1225
3.7650 0.1031
0.3201 0.1701
3.2149 0.1057
1.4012 0.1191
1.3889 0.1082
0.6421 0.1376
1.3758 0.1051
6.6120 0.1240
8.6532 0.0844
0.2706 0.1446
0.4777 0.1457
0.0561 0.1888
0.9070 0.0896
1.7792 0.1041
0.6757 0.1466
0.1546 0.1505
1.2294 0.0615
1.2174 0.1125
6.4890 0.0700
0.4678 0.1612
0.0200 0.2024
0.5702 0.1386
2.1248 0.0788
0.2958 0.1419
0.0077 0.2325
2.2232 0.0799
0.7314 0.1569
1.5361 0.1243
0.9339 0.1280
0.0020 0.2394
3.8657 0.0947
3.3519 0.1026
0.7557 0.1333
0.5434 0.1474
0.1219 0.1727
0.2372 0.1782
1.8207 0.1000
0.1928 0.1697
2.3941 0.1244
2.5105 0.0989
0.7591 0.1163
1.0070 0.1315
5.2557 0.1120
0.0639 0.2093
2.1918 0.1153
0.6464 0.1558
6.7444 0.0349
0.0423 0.1870
2.3317 0.0394
7.8606 0.1088
0.8055 0.1091
0.7715 0.1385
0.6147 0.1326
1.1932 0.1516
2.8149 0.1136
0.0462 0.1882
0.0638 0.1986
3.1146 0.0916
1.4219 0.0996
0.4389 0.1421
0.0077 0.2164
0.2016 0.1499
0.4217 0.1227
4.5939 0.3891
1.2498 0.1234
2.8259 0.0916
0.3011 0.1225
1.0177 0.0400
0.4624 0.1358
2.0547 0.1143
2.7191 0.1093
3.1236 0.1104
12.8396 0.2769
1.9197 0.1228
0.0410 0.1881
0.9595 0.1134
2.1893 0.1199
4.8802 0.0796
0.3682 0.1180
3.5068 0.1132
2.2284 0.1391
0.4949 0.0970
0.4501 0.1510
0.8573 0.1338
0.1266 0.1868
0.5225 0.1476
0.8636 0.1334
6.7685 0.2496
0.6970 0.1414
2.9709 0.1207
4.8301 0.0850
4.3667 0.0897
0.9866 0.1538
4.2635 0.1012
0.5025 0.1416
7.7163 0.0927
1.7231 0.1269
5.5860 0.0967
5.2506 0.0776
0.0948 0.1801
0.8368 0.1275
2.8139 0.1029
5.2824 0.0628
0.1858 0.1751
1.2860 0.1237
5.3022 0.0792
2.9348 0.1180
0.7314 0.1486
0.6783 0.1387
2.1485 0.1022
12.1045 0.1028
0.0684 0.1748
0.0010 0.2435
5.0331 0.0919
0.8194 0.1453
3.5504 0.1171
1.9647 0.1188
0.1611 0.1936
0.1859 0.1900
3.6972 0.1020
2.1168 0.1299
3.0697 0.0866
1.9983 0.0712
0.7232 0.1412
0.6735 0.1269
0.2011 0.1590
6.2278 0.0719
2.5355 0.0624
1.6106 0.1360
0.3678 0.1391
0.0515 0.1784
0.7990 0.1444
0.5869 0.1335
0.1506 0.1643
1.1492 0.1371
1.1777 0.0987
0.5035 0.1646
0.6923 0.1305
2.0445 0.0743
0.9595 0.1402
7.2422 0.0627
0.0208 0.2003
1.1198 0.1492
0.1553 0.1861
0.3818 0.1598
1.3150 0.0922
1.5925 0.1346
0.2914 0.1291
0.0295 0.2065
0.6336 0.1629
1.5758 0.1258
1.7469 0.1328
4.0225 0.0521
0.6850 0.1414
1.2068 0.1353
0.3766 0.1472
2.3120 0.1031
0.8746 0.1267
0.3287 0.1549
1.6660 0.1310
0.0834 0.1663
2.6431 0.1333
0.3544 0.1519
0.1440 0.1830
3.1492 0.1160
7.3087 0.1228
1.0433 0.1442
0.4935 0.1098
0.9634 0.1215
5.3565 0.1535
0.7079 0.1576
1.6776 0.1275
5.6516 0.0845
4.0811 0.1002
4.3660 0.0943
1.7142 0.1222
2.5502 0.0820
2.6687 0.1089
1.7012 0.0984
1.8310 0.0949
0.2545 0.1598
1.7019 0.1409
5.1497 0.1112
4.1331 0.0899
6.5293 0.1182
3.4644 0.0736
5.1715 0.0949
12.8224 0.1116
3.9860 0.1107
0.7502 0.0832
0.0123 0.2319
2.3606 0.1306
3.8163 0.1170
0.7785 0.1309
0.2715 0.1675
0.9715 0.1095
2.0122 0.1210
1.6589 0.1153
12.2673 0.0925
0.3241 0.1552
0.0300 0.1862
5.2711 0.1253
1.5119 0.1368
0.0521 0.1913
1.9079 0.0961
0.0245 0.2031
2.8162 0.0870
0.9653 0.1269
1.9012 0.1595
5.4462 0.0756
6.1786 0.0749
1.0247 0.1428
3.3827 0.0857
0.9336 0.1456
0.5142 0.1114
0.6243 0.1496
6.2464 0.0729
5.3591 0.1237
5.3083 0.0502
3.5117 0.1041
0.0109 0.2164
2.5038 0.1150
10.9030 0.0595
0.9493 0.1422
1.3017 0.1142
0.3184 0.1777
3.8356 0.1069
0.3334 0.1431
2.2812 0.1013
0.2688 0.1703
2.1777 0.0450
1.8784 0.0901
1.4697 0.1299
2.2706 0.0824
7.7362 0.0928
5.6413 0.0581
4.6711 0.1148
0.0061 0.2176
3.1350 0.0984
9.9027 0.1165
4.6151 0.1084
1.8137 0.1113
0.0359 0.2011
2.8571 0.1167
1.7377 0.1019
0.8207 0.1516
5.9635 0.0420
2.8873 0.0948
2.9712 0.1207
3.1144 0.1251
0.5110 0.1513
1.7118 0.1145
0.5682 0.1248
3.7255 0.1046
6.4524 0.1225
1.0186 0.1447
6.1081 0.0857
4.8235 0.0834
2.7147 0.0979
4.0750 0.0914
0.2365 0.1565
3.3087 0.0738
2.0787 0.1253
1.3123 0.1239
1.2329 0.0968
2.5009 0.0833
5.0972 0.0864
1.8929 0.1083
1.3560 0.1219
2.7885 0.1161
0.4308 0.1380
1.3786 0.1090
0.0427 0.2011
2.8760 0.0852
2.9336 0.1127
10.9281 0.0702
2.0130 0.0888
0.0043 0.2218
5.2759 0.0790
0.6723 0.1416
0.4606 0.1167
5.9962 0.0646
1.2653 0.1542
0.1034 0.1996
3.2090 0.0888
1.0359 0.1454
0.0500 0.1786
0.0691 0.1766
0.9598 0.0622
0.0795 0.1840
1.3410 0.1143
0.3596 0.1459
7.8269 0.1089
0.2487 0.1664
3.9649 0.1246
0.9615 0.1581
1.8361 0.1137
2.0996 0.1100
0.3064 0.1569
1.4900 0.1430
0.1259 0.1761
1.4961 0.1057
3.3536 0.1318
0.0660 0.1756
0.4949 0.1388
0.3522 0.1336
3.2036 0.0457
0.8000 0.1280
1.4067 0.0978
1.3467 0.1061
0.3790 0.1404
1.2022 0.0514
1.3775 0.1180
1.8830 0.0862
0.0039 0.2439
4.4615 0.0501
1.5008 0.1594
2.8276 0.1103
0.4402 0.2313
0.2491 0.1551
3.0918 0.1062
1.1057 0.0732
0.0614 0.2002
0.1471 0.1637
0.0962 0.1526
1.1562 0.1394
6.1503 0.0826
0.0855 0.1742
0.0636 0.1850
3.8819 0.1273
0.1325 0.1641
0.1087 0.1708
5.8383 0.0943
2.5811 0.0907
3.9492 0.1110
4.1004 0.0556
0.3932 0.1200
1.1054 0.1322
1.1155 0.0976
3.3551 0.1155
2.1193 0.1236
2.7722 0.0655
2.1854 0.1300
1.4901 0.0906
0.4046 0.2193
0.6261 0.1345
1.5402 0.1268
2.9142 0.1054
4.2482 0.0902
2.8346 0.1118
2.0638 0.0917
2.6440 0.1303
11.5624 0.0893
0.0221 0.1864
0.2067 0.1613
5.5890 0.0826
2.7529 0.1235
0.3576 0.1333
1.2945 0.1423
3.9181 0.0675
1.1787 0.1048
2.1099 0.0864
5.5786 0.1350
0.0509 0.1974
0.6543 0.1490
5.6279 0.1099
0.2447 0.1393
0.4825 0.1230
0.5944 0.1150
4.4818 0.0941
0.8136 0.1365
0.3168 0.1573
5.4858 0.0606
1.4325 0.1065
1.2311 0.1161
0.5162 0.1422
7.2143 0.0420
0.9942 0.1027
2.7071 0.0955
3.5995 0.0808
0.0641 0.1835
4.9076 0.0859
0.1459 0.1618
2.9414 0.0854
5.4767 0.0891
0.0849 0.1640
0.4031 0.1601
8.4705 0.0887
2.6707 0.1128
1.6544 0.1243
1.0071 0.1340
2.7407 0.0973
0.4973 0.1670
7.7003 0.1256
0.1441 0.1802
0.5863 0.1340
0.0853 0.1772
4.0744 0.1202
2.8213 0.1248
5.4259 0.0932
0.7783 0.1390
1.1485 0.1392
1.4592 0.1155
5.0276 0.0977
2.2688 0.1053
0.2365 0.1604
2.0764 0.1311
2.0303 0.0723
0.0033 0.2356
4.4445 0.0750
2.4815 0.0978
9.6888 0.1610
2.3955 0.1113
0.8093 0.1020
0.0955 0.1636
0.6964 0.1520
3.0247 0.0581
0.0713 0.1741
0.0173 0.1953
2.7241 0.0986
0.2867 0.1515
1.7748 0.1073
3.7784 0.1169
3.2492 0.1028
1.2168 0.1341
1.8617 0.1356
0.5431 0.1577
1.9703 0.1037
4.4207 0.1032
