252.8372 0.0110
10.4311 0.0380
0.0000 0.1910
81.3586 0.0280
455.5126 0.0070
1.1299 0.0620
108.8454 0.0270
476.4002 0.0050
323.6574 0.0080
0.8590 0.0680
0.0000 0.1390
3.6567 0.0530
37.7253 0.0280
8.5322 0.0460
361.9909 0.0060
186.7428 0.0230
491.8863 0.0040
190.7197 0.0250
141.3096 0.0230
0.0071 0.0960
412.5454 0.0020
0.0001 0.1250
0.0919 0.0830
0.0000 0.1610
0.0123 0.0870
326.0494 0.0140
235.8736 0.0230
432.7548 0.0010
0.0601 0.0820
358.0600 0.0140
30.8545 0.0340
114.3644 0.0150
432.5839 0.0100
438.3362 0.0060
436.5579 0.0010
440.5873 0.0060
0.0013 0.1040
3.3822 0.0540
248.8609 0.0100
0.0578 0.0800
315.4044 0.0150
0.0339 0.0830
484.3511 0.0080
268.0304 0.0100
258.9444 0.0200
54.7974 0.0350
0.0522 0.0900
16.4063 0.0330
20.5624 0.0390
0.0000 0.2110
14.9294 0.0350
456.5434 0.0020
20.4254 0.0480
0.0000 0.2060
12.9593 0.0450
156.4040 0.0200
2.4188 0.0560
442.9077 0.0020
485.0210 0.0030
0.0000 0.2480
7.2403 0.0490
2.2028 0.0470
8.9018 0.0490
164.3739 0.0170
191.5257 0.0180
322.6926 0.0170
9.2153 0.0440
175.2354 0.0140
533.9424 0.0060
0.0487 0.0790
198.6108 0.0230
0.0039 0.0950
26.8414 0.0330
406.6570 0.0010
8.8674 0.0570
3.8151 0.0570
254.1844 0.0160
107.9958 0.0220
80.3898 0.0220
0.0005 0.1050
7.0311 0.0440
0.0205 0.0840
108.2070 0.0250
447.6767 0.0010
0.1012 0.0720
464.4048 0.0020
0.8301 0.0630
432.1221 0.0000
31.8247 0.0390
114.3988 0.0190
0.8969 0.0690
0.7894 0.0680
0.5035 0.0650
43.0934 0.0240
14.9396 0.0430
0.0039 0.1040
20.8837 0.0320
411.9254 0.0030
354.7634 0.0190
433.6247 0.0000
362.7607 0.0160
467.9867 0.0040
31.3187 0.0470
27.5056 0.0390
269.1769 0.0230
533.0430 0.0080
172.7851 0.0140
0.0056 0.0970
0.4481 0.0630
362.2247 0.0050
0.1723 0.0760
460.0792 0.0010
426.8996 0.0000
0.0000 0.1300
47.9512 0.0260
71.3494 0.0310
406.7877 0.0100
488.7003 0.0010
1.8301 0.0380
524.7718 0.0100
485.3559 0.0090
213.9408 0.0180
284.9216 0.0160
317.8174 0.0020
355.8478 0.0140
0.0000 0.2630
64.0816 0.0160
496.9995 0.0070
456.7157 0.0040
174.8765 0.0190
84.4633 0.0180
188.4669 0.0070
0.0004 0.1090
0.0271 0.0830
310.7637 0.0100
456.8993 0.0020
495.6740 0.0060
41.4474 0.0360
67.1607 0.0270
270.3176 0.0190
0.0028 0.1100
288.9943 0.0210
0.0304 0.0900
179.3919 0.0180
397.7791 0.0080
9.1640 0.0520
102.0500 0.0140
184.7189 0.0110
0.0000 0.2420
0.7127 0.0660
36.3911 0.0250
107.0321 0.0220
54.4402 0.0290
0.0000 0.2240
6.8190 0.0430
132.8650 0.0110
0.0000 0.1450
426.2056 0.0030
10.6680 0.0390
55.3274 0.0240
0.0041 0.0970
215.0927 0.0160
7.8475 0.0510
0.0000 0.1290
0.0000 0.1490
384.0450 0.0060
436.3612 0.0000
343.0475 0.0100
77.7745 0.0230
75.7267 0.0210
0.0173 0.0890
0.1080 0.0770
370.3829 0.0190
301.4999 0.0150
62.3026 0.0360
323.3368 0.0050
0.0014 0.1040
314.4029 0.0080
485.3177 0.0070
420.8818 0.0130
486.8445 0.0010
11.7366 0.0470
0.1627 0.0820
389.5055 0.0040
132.2449 0.0220
0.4592 0.0620
0.6546 0.0670
0.0674 0.0820
9.3043 0.0300
0.5197 0.0630
8.1384 0.0440
0.0000 0.1890
494.9917 0.0020
0.0739 0.0760
36.4498 0.0350
0.0500 0.0850
493.3420 0.0080
50.6517 0.0320
347.1255 0.0140
358.9127 0.0170
296.3954 0.0150
0.1567 0.0710
0.0000 0.1510
4.3947 0.0410
170.0597 0.0060
81.4009 0.0200
214.4813 0.0210
364.9919 0.0160
40.8445 0.0390
327.3696 0.0110
265.4654 0.0170
160.3777 0.0120
0.0051 0.1050
0.0442 0.0860
5.9959 0.0460
37.7145 0.0370
330.0450 0.0010
27.7203 0.0330
0.0000 0.1540
0.0116 0.1020
0.0000 0.1780
0.6983 0.0590
0.3241 0.0740
93.6732 0.0150
480.8766 0.0020
373.7798 0.0090
164.7430 0.0170
203.0340 0.0020
0.0074 0.0880
17.1131 0.0360
60.1845 0.0300
127.7830 0.0100
449.2093 0.0010
404.6627 0.0010
516.1635 0.0030
122.5968 0.0350
416.5418 0.0150
458.3918 0.0100
0.0000 0.1360
0.3115 0.0640
0.6120 0.0670
114.6932 0.0250
166.3464 0.0050
244.5933 0.0210
1.4049 0.0650
386.8127 0.0040
0.0000 0.1380
171.1003 0.0190
458.2726 0.0000
127.4478 0.0170
429.9715 0.0000
458.3119 0.0120
12.3128 0.0320
50.5358 0.0350
440.5431 0.0100
0.0002 0.1170
279.3059 0.0120
446.9762 0.0100
0.0000 0.1590
347.7437 0.0090
1.6871 0.0670
78.6394 0.0350
1.0608 0.0550
0.0033 0.0930
6.5049 0.0670
1.2847 0.0560
258.0374 0.0070
172.9186 0.0230
0.0191 0.0920
361.8905 0.0170
252.7294 0.0230
91.8710 0.0250
29.3957 0.0360
311.2403 0.0110
36.3779 0.0360
468.8622 0.0010
437.3071 0.0000
0.1145 0.0870
0.0000 0.1410
411.9761 0.0010
18.5677 0.0450
32.1494 0.0400
0.0000 0.1330
0.0169 0.0990
18.7080 0.0370
6.3362 0.0480
514.0618 0.0090
1.4264 0.0580
505.8992 0.0070
342.3945 0.0140
105.1896 0.0200
0.1075 0.0790
1.4174 0.0640
0.0000 0.1370
12.2944 0.0360
285.3431 0.0060
365.2049 0.0080
0.0137 0.0850
282.9007 0.0090
228.5452 0.0090
482.1938 0.0020
487.3955 0.0030
0.0047 0.0990
169.4037 0.0220
0.0000 0.1870
0.0000 0.1300
0.3555 0.0660
438.6053 0.0120
327.1482 0.0030
425.4372 0.0030
0.0429 0.0800
354.7760 0.0180
0.0263 0.0830
0.0000 0.1770
397.0622 0.0010
0.0000 0.1770
184.0622 0.0140
0.1270 0.0750
300.3841 0.0140
433.8457 0.0000
438.3540 0.0010
85.4770 0.0250
136.2245 0.0260
179.2268 0.0240
0.3370 0.0710
155.6898 0.0300
0.0277 0.0780
62.9379 0.0310
481.5796 0.0010
0.0000 0.2610
412.3777 0.0060
0.0000 0.1350
123.4165 0.0250
0.7338 0.0690
0.0004 0.1100
181.4045 0.0070
174.0909 0.0240
460.1261 0.0090
0.0174 0.0910
125.4875 0.0280
354.0377 0.0100
177.7243 0.0130
257.6858 0.0090
0.1496 0.0760
4.5371 0.0500
3.7723 0.0580
60.4990 0.0260
4.5242 0.0450
14.2765 0.0470
14.4541 0.0400
0.2988 0.0720
258.4972 0.0110
0.0000 0.1620
15.5480 0.0390
72.6878 0.0270
428.3857 0.0120
292.8322 0.0120
0.0000 0.1650
70.5574 0.0350
490.1688 0.0020
0.0000 0.1830
17.6020 0.0420
383.2469 0.0140
104.9475 0.0320
253.5075 0.0150
65.5876 0.0320
144.4509 0.0320
401.6165 0.0090
159.7607 0.0150
0.0289 0.0760
34.0304 0.0370
29.3258 0.0340
432.7486 0.0010
72.4877 0.0350
181.7376 0.0240
0.0004 0.1150
160.6411 0.0080
163.5520 0.0240
6.1359 0.0470
2.5708 0.0560
341.8911 0.0150
62.3791 0.0310
0.0000 0.1500
12.5927 0.0440
124.5771 0.0170
357.8567 0.0030
0.0889 0.0780
45.5993 0.0230
0.0000 0.1730
156.3495 0.0250
0.8353 0.0640
150.1323 0.0200
0.0361 0.0860
267.6573 0.0110
447.2502 0.0010
11.3515 0.0440
433.9768 0.0050
363.6662 0.0120
8.4952 0.0460
0.0000 0.1540
42.8223 0.0400
0.0000 0.1410
366.3073 0.0070
186.0329 0.0200
10.5044 0.0500
4.4222 0.0480
13.1821 0.0550
0.0349 0.0930
273.1392 0.0140
0.0022 0.1020
55.2641 0.0300
35.2737 0.0450
0.0000 0.1560
43.5064 0.0370
362.4085 0.0180
0.0033 0.0990
0.0078 0.0890
17.5566 0.0460
0.0015 0.1090
0.1321 0.0840
0.0000 0.2130
39.6415 0.0460
106.7773 0.0190
175.1191 0.0240
0.0000 0.1610
375.2604 0.0040
66.7345 0.0290
336.6927 0.0150
0.0000 0.2020
0.0007 0.1080
0.0731 0.0830
91.7609 0.0320
430.6701 0.0000
0.0000 0.1230
0.0000 0.1420
62.9653 0.0260
0.7044 0.0550
183.6839 0.0170
453.9407 0.0020
128.9330 0.0280
5.0945 0.0580
123.8308 0.0310
0.0239 0.0850
460.3286 0.0010
2.5860 0.0510
0.0018 0.1130
121.0419 0.0180
12.4833 0.0390
0.0121 0.0970
27.9170 0.0320
485.5800 0.0100
221.7787 0.0110
7.0839 0.0400
25.7002 0.0340
0.4927 0.0620
0.0513 0.0850
27.8840 0.0430
0.0000 0.1780
0.0003 0.1160
153.5036 0.0190
0.0000 0.1870
66.0222 0.0350
56.5090 0.0270
44.1257 0.0270
44.3410 0.0240
168.3709 0.0050
1.4617 0.0710
0.0000 0.1440
170.7755 0.0120
485.1773 0.0100
0.1696 0.0710
440.0636 0.0110
401.3268 0.0010
129.6689 0.0290
319.7849 0.0010
0.0001 0.1170
0.0000 0.1310
0.0000 0.1520
26.4657 0.0410
415.7643 0.0040
62.9143 0.0280
1.7353 0.0560
4.3032 0.0560
467.1922 0.0070
5.1369 0.0450
0.0079 0.1020
414.3920 0.0070
65.8189 0.0270
0.0000 0.1470
0.0003 0.1150
7.9975 0.0500
172.9041 0.0100
50.8714 0.0210
195.5767 0.0120
146.3336 0.0280
144.0043 0.0230
187.6393 0.0270
473.0742 0.0080
0.0721 0.0830
316.8914 0.0070
0.0000 0.1310
0.0530 0.0830
250.6974 0.0030
0.0519 0.0930
0.0178 0.0950
17.6303 0.0340
475.4308 0.0020
22.9438 0.0350
32.5975 0.0410
81.7393 0.0380
0.0071 0.0950
401.7420 0.0030
345.0114 0.0180
339.2576 0.0020
11.2415 0.0400
427.0581 0.0010
94.0312 0.0210
240.9247 0.0150
21.8221 0.0300
42.4069 0.0190
0.2486 0.0750
180.4349 0.0180
248.1649 0.0180
0.1223 0.0800
63.8872 0.0170
399.8556 0.0140
377.3682 0.0120
0.3752 0.0730
1.9168 0.0580
127.3242 0.0220
0.0003 0.1180
2.4241 0.0540
95.5591 0.0320
11.4490 0.0470
203.5692 0.0150
26.7757 0.0460
8.2359 0.0400
422.6448 0.0000
10.4305 0.0450
469.3642 0.0010
191.0132 0.0170
0.0147 0.0910
0.1722 0.0770
0.5430 0.0720
104.4450 0.0270
181.6835 0.0240
151.6388 0.0210
35.8130 0.0330
1.7237 0.0500
361.7107 0.0100
0.0076 0.0860
213.1898 0.0120
4.0069 0.0470
10.4618 0.0420
204.8105 0.0040
2.2235 0.0560
460.0872 0.0090
11.7829 0.0430
0.0000 0.1920
0.0000 0.1650
180.8145 0.0060
145.0788 0.0180
0.0000 0.1880
427.1599 0.0000
5.2514 0.0550
225.5134 0.0090
80.7438 0.0130
26.2062 0.0400
25.5156 0.0480
0.0000 0.2750
90.2097 0.0230
0.0000 0.2200
2.5299 0.0410
274.6420 0.0110
500.9396 0.0060
0.0026 0.1050
0.0172 0.1090
0.0404 0.0820
455.5867 0.0050
0.0874 0.0870
460.8220 0.0020
0.0045 0.0960
0.0000 0.1850
0.0462 0.0840
0.0000 0.1530
0.0000 0.4550
402.3761 0.0100
0.0212 0.0860
275.3518 0.0040
0.1122 0.0790
0.0112 0.0820
411.7734 0.0000
0.0000 0.2180
0.0000 0.1880
0.0000 0.2150
0.0000 0.1850
312.1183 0.0160
0.0006 0.1180
0.0504 0.0780
1.7606 0.0440
0.0000 0.1250
0.0283 0.1080
0.0000 0.1470
0.0016 0.1060
287.7843 0.0180
474.7031 0.0100
2.2144 0.0630
0.0000 0.1650
0.0000 0.1990
337.7047 0.0040
0.0840 0.0680
0.0000 0.2090
211.7130 0.0140
306.0583 0.0110
2.5207 0.0630
0.0000 0.2050
2.3024 0.0570
0.0000 0.2010
25.6353 0.0300
63.7815 0.0270
0.6722 0.0620
0.0000 0.1690
0.0000 0.2170
185.7270 0.0200
0.1470 0.0780
61.8172 0.0300
431.6811 0.0100
95.5091 0.0340
7.4381 0.0450
433.1719 0.0010
0.1616 0.0750
472.8833 0.0030
202.5431 0.0180
122.6807 0.0240
210.1653 0.0150
29.0681 0.0400
3.3904 0.0500
54.5494 0.0180
0.6365 0.0700
495.1707 0.0020
216.9312 0.0180
1.8438 0.0680
83.9156 0.0270
11.8218 0.0460
32.2257 0.0420
203.8755 0.0210
0.2153 0.0730
77.8014 0.0270
450.8570 0.0020
0.9435 0.0790
16.1963 0.0470
86.1231 0.0290
0.0682 0.0840
0.0002 0.1120
394.0317 0.0170
48.3501 0.0100
106.7956 0.0190
0.3251 0.0670
433.6750 0.0000
376.8972 0.0140
488.1644 0.0120
429.0657 0.0010
64.7577 0.0200
0.4554 0.0710
0.2176 0.0750
0.0000 0.1300
244.1914 0.0220
524.0877 0.0020
444.6978 0.0010
482.5945 0.0020
238.6685 0.0180
13.9482 0.0400
1.9526 0.0540
0.0000 0.1840
17.8461 0.0390
0.2728 0.0710
0.0149 0.0870
77.8861 0.0250
479.7132 0.0040
479.8421 0.0020
209.6337 0.0090
455.8030 0.0050
21.6991 0.0350
0.0531 0.0870
448.1887 0.0010
0.2887 0.0770
292.6245 0.0090
0.0359 0.0920
363.9618 0.0180
298.6252 0.0160
54.6586 0.0350
504.4848 0.0020
0.1001 0.0810
326.8000 0.0110
99.3877 0.0220
267.1026 0.0180
102.0759 0.0250
38.7202 0.0280
77.8735 0.0230
69.1350 0.0260
214.0040 0.0090
60.8050 0.0350
388.9227 0.0050
6.3677 0.0550
282.8890 0.0150
183.7514 0.0160
437.8780 0.0020
347.0914 0.0070
36.3370 0.0450
363.6805 0.0100
4.6397 0.0540
40.4218 0.0330
12.7437 0.0400
432.4148 0.0000
328.9734 0.0160
7.6352 0.0460
2.8901 0.0540
0.0010 0.1040
41.4585 0.0340
506.3477 0.0080
3.2797 0.0580
0.5932 0.0580
423.8821 0.0010
413.5763 0.0150
449.7650 0.0070
102.4735 0.0190
221.5266 0.0110
2.5543 0.0450
406.9192 0.0010
220.9548 0.0150
285.8829 0.0130
0.0000 0.1520
0.0170 0.0870
0.4965 0.0670
515.7482 0.0070
0.0000 0.1620
106.2915 0.0340
67.4242 0.0230
472.9366 0.0010
317.0215 0.0140
0.0124 0.0940
359.3269 0.0080
489.3674 0.0150
450.7938 0.0100
86.2777 0.0290
44.6041 0.0370
0.0118 0.0990
420.4977 0.0120
265.8019 0.0180
0.0001 0.1200
0.2413 0.0680
132.1240 0.0170
62.9941 0.0330
455.1036 0.0100
7.1030 0.0540
282.0411 0.0220
0.0001 0.1220
314.3254 0.0200
415.9023 0.0020
81.0683 0.0320
263.5777 0.0100
7.4028 0.0550
0.2374 0.0680
0.4202 0.0630
0.1778 0.0770
238.8071 0.0170
0.3029 0.0610
4.2934 0.0540
16.9871 0.0440
396.2676 0.0120
7.5893 0.0510
0.0886 0.0870
56.5627 0.0390
45.1107 0.0340
12.1795 0.0370
104.6517 0.0220
4.7731 0.0420
24.9311 0.0350
280.9119 0.0050
186.2739 0.0170
82.3720 0.0280
0.3253 0.0710
282.6865 0.0080
379.1040 0.0160
246.5386 0.0210
41.8226 0.0400
67.8326 0.0240
23.7793 0.0430
68.0404 0.0340
10.0532 0.0480
8.8607 0.0450
169.7304 0.0230
2.1227 0.0290
0.0175 0.0960
280.9880 0.0150
53.1341 0.0230
6.4789 0.0460
253.9775 0.0140
0.4399 0.0680
15.8400 0.0370
102.2755 0.0280
511.3215 0.0050
153.9661 0.0230
465.6566 0.0140
2.3268 0.0500
243.4292 0.0190
485.9469 0.0090
43.1445 0.0260
462.7536 0.0070
38.2849 0.0360
35.6267 0.0380
36.2437 0.0320
456.8975 0.0120
0.1033 0.0770
15.2413 0.0410
97.8367 0.0280
48.7565 0.0360
430.6567 0.0000
429.1758 0.0000
14.6452 0.0460
3.0551 0.0440
334.8267 0.0180
263.2710 0.0180
405.6243 0.0110
61.0351 0.0330
1.3956 0.0620
63.9669 0.0200
399.6022 0.0020
13.1872 0.0390
210.3942 0.0100
14.6570 0.0440
354.6888 0.0050
403.9259 0.0010
174.5710 0.0180
441.9075 0.0020
0.0000 0.1580
360.0552 0.0170
483.4606 0.0010
0.0000 0.1400
0.0000 0.1440
436.1397 0.0000
42.8424 0.0220
25.4372 0.0340
90.5518 0.0150
36.7886 0.0410
0.0027 0.1030
166.0717 0.0310
244.4003 0.0100
0.0003 0.1170
378.1127 0.0060
0.0001 0.1200
364.1346 0.0180
75.9558 0.0300
252.7498 0.0220
165.3146 0.0290
0.0008 0.1040
352.5303 0.0160
437.7477 0.0070
4.4145 0.0550
15.3648 0.0390
4.6752 0.0560
465.6117 0.0010
465.9741 0.0000
431.9341 0.0010
62.9490 0.0310
18.0158 0.0300
82.1982 0.0300
161.9377 0.0180
0.0000 0.1620
411.5759 0.0010
418.9062 0.0130
215.0410 0.0180
187.8416 0.0250
6.7931 0.0390
460.4541 0.0020
458.9403 0.0020
266.4854 0.0260
16.3211 0.0510
1.0098 0.0630
5.7095 0.0510
70.3478 0.0270
17.7510 0.0320
0.0171 0.0900
0.2654 0.0660
4.7553 0.0430
19.6205 0.0340
41.0307 0.0370
0.0108 0.1040
1.7397 0.0630
257.5369 0.0110
51.4575 0.0270
260.3698 0.0210
6.6072 0.0380
3.7933 0.0450
2.6783 0.0480
8.3546 0.0450
31.8263 0.0390
42.9951 0.0330
209.8208 0.0160
283.8201 0.0110
0.1061 0.0820
0.8801 0.0670
6.9062 0.0460
376.2894 0.0070
113.1694 0.0170
403.4880 0.0090
162.3275 0.0150
398.8110 0.0140
325.2766 0.0140
32.1723 0.0270
0.0002 0.1180
438.5432 0.0090
0.0000 0.1310
7.4884 0.0500
279.4481 0.0100
45.6224 0.0340
6.7648 0.0540
407.4244 0.0090
422.8543 0.0120
510.2567 0.0090
459.9473 0.0140
22.3214 0.0360
150.8382 0.0090
94.9424 0.0300
137.9465 0.0170
0.0155 0.0880
228.8211 0.0100
0.0000 0.1240
475.6686 0.0040
390.4406 0.0110
3.7864 0.0530
37.9837 0.0370
0.0028 0.1070
0.0000 0.2180
6.1276 0.0460
217.9307 0.0180
412.3424 0.0090
101.6272 0.0380
26.2167 0.0350
15.0334 0.0480
0.0000 0.1920
17.2451 0.0360
123.4672 0.0190
471.7756 0.0020
58.1384 0.0390
472.0573 0.0010
445.5490 0.0050
0.2258 0.0770
58.3867 0.0270
276.8599 0.0290
171.9461 0.0240
135.1943 0.0260
116.2229 0.0310
1.1257 0.0630
16.5883 0.0450
0.0010 0.1090
461.6580 0.0010
45.7044 0.0350
0.0000 0.2650
0.0044 0.1050
320.0962 0.0140
73.2881 0.0310
389.7310 0.0020
348.6050 0.0160
4.2610 0.0610
23.9956 0.0400
497.2562 0.0030
99.1384 0.0260
115.8705 0.0210
5.2785 0.0490
0.0000 0.1340
0.1812 0.0680
366.5436 0.0120
10.7677 0.0400
11.8307 0.0400
40.1597 0.0300
305.2129 0.0080
68.7197 0.0310
382.0607 0.0110
39.8440 0.0390
34.1885 0.0410
402.1785 0.0030
191.0216 0.0200
0.0002 0.1180
369.8274 0.0100
0.0000 0.1680
181.2566 0.0090
51.8549 0.0300
387.8553 0.0060
0.0467 0.0840
0.0300 0.0840
376.6423 0.0040
11.1547 0.0460
0.1205 0.0850
4.4921 0.0490
436.3456 0.0000
70.0895 0.0290
6.7205 0.0350
0.0004 0.1130
11.8855 0.0340
448.1699 0.0010
321.6044 0.0070
0.0234 0.0920
375.4846 0.0190
153.1202 0.0290
3.7338 0.0470
0.1920 0.0770
0.1624 0.0700
0.1966 0.0670
0.0024 0.1030
154.5672 0.0190
410.5222 0.0010
496.1641 0.0150
1.4195 0.0640
194.9196 0.0180
0.6340 0.0710
5.6336 0.0490
50.4288 0.0340
0.2966 0.0630
14.3152 0.0380
261.0295 0.0090
49.1035 0.0340
25.4201 0.0360
0.2449 0.0640
420.3555 0.0000
4.0429 0.0540
463.9017 0.0100
27.7498 0.0460
489.0413 0.0120
214.7806 0.0160
6.4782 0.0550
451.2543 0.0080
289.6229 0.0130
0.0339 0.0850
458.0399 0.0040
353.8804 0.0150
433.2404 0.0000
2.6166 0.0620
0.3502 0.0740
39.3520 0.0240
180.9399 0.0240
397.5556 0.0110
154.7522 0.0270
7.8207 0.0460
226.6660 0.0150
400.6567 0.0110
6.4682 0.0470
0.0580 0.0720
3.7196 0.0550
442.7217 0.0050
23.2543 0.0410
443.7700 0.0070
417.8194 0.0080
526.6827 0.0100
362.8874 0.0060
160.7460 0.0260
104.8863 0.0270
416.5892 0.0000
467.1323 0.0080
24.5000 0.0360
412.7936 0.0070
0.0000 0.1700
463.8487 0.0010
424.9158 0.0030
486.9539 0.0040
366.7538 0.0180
88.7791 0.0240
491.9794 0.0060
0.1505 0.0740
6.2854 0.0490
17.7665 0.0420
60.6418 0.0280
104.5008 0.0250
0.1010 0.0750
290.5686 0.0040
525.4186 0.0050
498.1688 0.0060
529.9933 0.0090
84.5843 0.0260
24.1901 0.0450
449.7488 0.0010
7.6200 0.0570
0.0390 0.0880
437.3356 0.0000
3.5887 0.0520
178.7724 0.0180
200.5058 0.0020
193.2151 0.0230
22.0120 0.0390
0.0275 0.0890
50.3758 0.0420
3.8386 0.0530
50.0394 0.0330
0.0967 0.0840
0.8341 0.0690
0.0408 0.0820
284.0835 0.0150
0.0000 0.1380
4.4655 0.0550
77.2320 0.0320
43.1145 0.0280
0.2109 0.0790
416.3937 0.0140
201.4579 0.0280
467.3972 0.0010
433.3416 0.0010
431.8360 0.0120
4.4132 0.0540
0.0000 0.1340
0.0000 0.1790
0.0098 0.0970
346.0961 0.0120
488.8378 0.0100
302.2671 0.0150
166.4757 0.0170
305.3407 0.0070
151.8548 0.0180
0.1212 0.0770
38.2619 0.0300
67.8356 0.0260
456.0539 0.0020
0.0207 0.0920
476.3472 0.0060
253.6168 0.0220
279.9108 0.0090
0.0000 0.1470
306.5772 0.0100
251.2918 0.0080
187.5252 0.0210
2.3535 0.0440
0.0027 0.1010
32.6200 0.0340
4.5735 0.0540
264.5470 0.0040
473.8819 0.0040
339.2175 0.0150
295.8114 0.0130
2.9950 0.0620
80.6762 0.0260
401.6864 0.0010
147.9780 0.0200
401.6729 0.0070
454.2933 0.0080
36.7250 0.0310
0.0000 0.2510
12.3959 0.0420
0.0779 0.0700
8.3198 0.0540
340.7606 0.0120
116.3644 0.0300
354.5524 0.0090
429.9636 0.0120
382.4981 0.0060
404.0179 0.0010
0.0051 0.0890
495.5227 0.0110
32.9649 0.0330
13.8866 0.0520
0.1207 0.0780
93.9941 0.0370
436.1474 0.0020
121.1154 0.0250
2.7764 0.0550
0.0000 0.1380
433.0022 0.0020
473.6264 0.0020
0.4439 0.0800
11.8066 0.0490
11.1289 0.0410
31.5309 0.0270
400.3242 0.0050
4.3712 0.0510
239.4837 0.0210
196.7319 0.0150
261.7915 0.0060
429.5319 0.0010
398.1866 0.0020
43.2407 0.0330
278.3951 0.0180
0.0688 0.0760
0.5022 0.0630
128.3853 0.0270
0.0852 0.0720
32.1262 0.0350
490.8991 0.0030
235.6432 0.0200
435.7044 0.0000
471.6819 0.0010
232.9911 0.0130
208.2086 0.0240
2.3679 0.0640
183.9643 0.0140
120.6342 0.0190
428.2576 0.0030
98.5833 0.0250
147.5238 0.0070
11.0025 0.0520
363.4120 0.0170
332.3740 0.0170
431.1061 0.0000
16.9877 0.0430
0.0000 0.1460
433.4406 0.0050
91.7020 0.0310
0.2765 0.0740
437.9439 0.0000
25.5437 0.0480
398.2146 0.0100
0.0000 0.1220
0.0000 0.2270
5.5301 0.0480
1.2007 0.0590
185.6519 0.0200
31.7578 0.0290
477.2770 0.0090
7.5280 0.0350
0.0162 0.0800
1.7692 0.0590
478.9635 0.0010
15.5955 0.0360
0.0321 0.0800
41.2133 0.0420
309.7062 0.0140
263.1467 0.0170
0.0009 0.1050
0.1052 0.0810
7.3722 0.0540
0.0000 0.1760
464.3357 0.0050
87.6219 0.0220
31.3900 0.0300
45.4625 0.0260
14.8586 0.0400
17.6953 0.0340
3.1693 0.0570
284.7663 0.0020
286.8344 0.0050
4.3455 0.0580
147.0609 0.0220
252.0818 0.0110
5.5223 0.0600
472.7282 0.0020
251.0840 0.0180
11.2602 0.0580
1.0592 0.0600
44.9777 0.0430
407.5602 0.0130
32.6724 0.0360
362.6153 0.0020
359.0597 0.0150
3.6224 0.0480
38.3186 0.0370
5.7663 0.0480
133.4206 0.0260
0.0227 0.0890
0.0025 0.1060
89.8318 0.0280
511.8391 0.0090
63.9244 0.0320
0.0802 0.0840
13.8142 0.0580
428.3051 0.0000
0.1199 0.0720
173.0565 0.0220
88.1134 0.0170
315.5146 0.0020
430.2247 0.0000
432.4035 0.0000
90.7234 0.0320
14.5489 0.0410
0.0065 0.1050
467.8771 0.0100
5.0314 0.0590
464.3528 0.0050
390.2679 0.0070
416.6440 0.0010
0.5172 0.0720
490.9553 0.0020
259.4398 0.0150
324.9466 0.0150
0.0017 0.1000
472.0409 0.0010
341.7022 0.0030
49.1777 0.0460
0.1054 0.0730
422.6714 0.0030
57.6820 0.0400
426.8414 0.0000
485.2008 0.0010
441.6189 0.0030
27.8036 0.0370
16.9362 0.0370
358.8285 0.0190
411.5863 0.0020
0.0000 0.1790
0.2251 0.0750
47.7090 0.0330
0.0000 0.2910
0.0162 0.1160
75.1495 0.0180
157.6079 0.0160
4.6713 0.0580
347.5105 0.0140
454.0737 0.0100
50.1587 0.0370
70.2396 0.0290
496.6816 0.0110
69.0298 0.0350
273.9239 0.0080
0.0112 0.0930
498.8327 0.0020
169.1209 0.0170
80.4723 0.0280
440.5461 0.0130
0.0000 0.1510
18.4062 0.0380
446.3552 0.0060
48.2224 0.0370
0.0000 0.1700
0.2136 0.0720
13.0842 0.0460
428.3568 0.0020
468.4890 0.0020
0.0027 0.0990
416.5588 0.0070
431.4988 0.0070
0.1808 0.0750
26.4428 0.0330
477.8483 0.0030
379.2682 0.0130
0.0615 0.0960
0.6094 0.0650
58.7122 0.0240
431.8851 0.0010
331.3812 0.0230
6.2695 0.0530
447.4338 0.0010
14.1541 0.0450
8.5365 0.0460
1.3604 0.0600
117.9129 0.0260
0.0000 0.1350
133.9488 0.0200
401.4345 0.0140
76.0774 0.0220
153.0213 0.0280
6.9095 0.0290
481.1401 0.0060
16.5553 0.0390
119.0812 0.0320
235.4471 0.0170
321.2750 0.0180
10.0499 0.0440
411.8416 0.0110
88.4453 0.0230
515.6415 0.0090
434.0269 0.0020
37.1728 0.0250
26.1990 0.0400
40.4761 0.0270
0.0010 0.1040
121.3682 0.0210
87.8248 0.0220
25.2437 0.0370
476.1041 0.0120
263.1617 0.0180
15.8622 0.0340
301.7339 0.0190
14.1341 0.0450
324.3218 0.0090
0.0000 0.1790
0.4364 0.0530
11.3864 0.0470
3.0221 0.0550
15.7632 0.0350
276.0842 0.0090
2.0232 0.0500
0.2092 0.0750
0.0000 0.1990
420.7665 0.0120
0.0978 0.0880
223.4807 0.0180
488.0903 0.0060
5.7292 0.0450
428.0300 0.0000
177.9027 0.0140
429.5829 0.0010
0.4725 0.0780
230.8531 0.0070
21.2808 0.0310
0.4227 0.0610
382.0218 0.0100
39.7013 0.0300
82.4211 0.0170
4.0420 0.0350
469.1932 0.0090
7.0591 0.0480
0.0364 0.0880
432.3294 0.0000
93.4472 0.0360
0.0000 0.1510
0.0151 0.0890
461.6697 0.0030
94.8183 0.0240
1.5058 0.0630
209.6186 0.0180
431.5521 0.0000
419.7795 0.0010
6.6611 0.0580
432.8539 0.0000
80.3340 0.0320
256.8187 0.0160
2.9404 0.0540
166.9325 0.0150
7.2219 0.0440
79.1172 0.0220
0.0000 0.1730
165.7306 0.0200
2.4995 0.0540
0.0072 0.0900
0.0000 0.1260
464.0146 0.0000
63.2776 0.0280
237.9034 0.0180
0.1440 0.0730
468.4376 0.0140
32.7908 0.0420
425.5131 0.0010
2.9280 0.0590
198.4720 0.0250
0.3749 0.0720
6.0329 0.0560
406.4641 0.0110
5.0039 0.0530
0.4846 0.0780
161.6502 0.0170
3.0315 0.0570
149.4626 0.0170
476.0668 0.0050
303.5808 0.0170
498.9599 0.0010
164.0678 0.0240
425.9843 0.0000
168.7058 0.0200
439.3515 0.0020
6.2068 0.0500
55.8414 0.0240
389.3430 0.0100
318.1762 0.0010
432.2692 0.0160
65.9776 0.0250
128.0097 0.0260
301.3721 0.0220
0.0523 0.0810
24.8125 0.0360
414.8582 0.0000
0.3983 0.0700
122.5989 0.0160
0.0000 0.2390
52.1923 0.0230
0.0003 0.1160
153.1732 0.0100
354.9611 0.0100
22.7981 0.0430
15.9770 0.0360
9.0804 0.0360
94.1035 0.0290
0.0000 0.1630
0.0068 0.0930
19.5479 0.0440
28.9110 0.0340
495.0532 0.0070
112.2401 0.0260
1.6292 0.0460
0.0049 0.1040
1.6925 0.0630
24.7159 0.0470
0.0269 0.0950
0.0055 0.1050
1.1143 0.0610
9.9530 0.0500
15.2026 0.0490
5.1834 0.0450
438.5042 0.0010
0.0125 0.0980
87.2472 0.0220
461.3248 0.0010
51.4362 0.0330
295.9601 0.0160
69.6618 0.0330
15.3392 0.0440
477.3069 0.0030
0.5198 0.0560
165.5325 0.0190
410.5347 0.0010
0.9849 0.0690
479.9628 0.0070
196.6600 0.0210
0.0123 0.0920
215.7131 0.0180
159.5219 0.0200
0.0000 0.1790
0.0062 0.0920
0.0264 0.0860
271.0180 0.0170
0.1589 0.0670
281.2698 0.0100
231.9918 0.0200
2.2418 0.0530
63.3183 0.0250
133.2822 0.0300
0.3084 0.0650
184.7777 0.0190
331.1263 0.0070
318.0603 0.0110
6.2979 0.0480
0.7910 0.0600
0.0001 0.1230
3.7973 0.0530
0.0000 0.2560
372.3691 0.0060
0.0010 0.1080
323.5122 0.0170
18.4983 0.0390
0.0021 0.1070
16.1737 0.0370
7.5581 0.0530
0.1192 0.0650
408.6174 0.0080
56.8446 0.0270
229.3241 0.0180
0.0970 0.0730
17.1969 0.0420
434.2999 0.0030
0.0000 0.2220
0.0008 0.1100
116.9943 0.0310
92.9786 0.0250
0.9663 0.0520
0.0000 0.1900
233.0717 0.0240
24.1879 0.0260
9.3471 0.0440
17.0152 0.0340
10.5271 0.0350
4.9160 0.0370
30.6526 0.0300
2.5683 0.0490
292.9537 0.0060
406.5176 0.0010
178.9557 0.0180
0.0261 0.0850
0.0001 0.1170
13.1173 0.0460
14.7890 0.0450
434.5221 0.0060
16.6019 0.0380
120.7223 0.0250
33.8853 0.0410
24.8272 0.0400
443.9039 0.0040
0.4110 0.0760
0.1313 0.0760
87.6792 0.0300
0.0288 0.0830
0.0000 0.1420
0.0893 0.0800
0.0001 0.1160
470.0574 0.0010
428.6303 0.0000
430.9820 0.0000
224.0393 0.0180
20.2838 0.0360
376.4131 0.0140
0.0000 0.1890
5.6079 0.0480
165.6118 0.0110
0.0019 0.1060
20.7747 0.0340
403.0853 0.0120
0.0000 0.2590
3.5370 0.0340
9.5303 0.0440
1.6531 0.0610
226.2327 0.0080
7.4292 0.0280
2.2450 0.0540
5.0697 0.0460
460.5317 0.0130
478.0568 0.0020
0.5900 0.0670
86.9340 0.0300
277.9498 0.0180
138.4197 0.0280
1.5371 0.0670
437.0913 0.0010
471.2459 0.0080
0.0000 0.1730
10.3024 0.0310
0.0108 0.0880
94.5019 0.0330
9.3395 0.0410
0.0251 0.0900
13.0245 0.0480
485.2961 0.0010
55.8874 0.0310
0.0034 0.1040
4.5504 0.0530
370.3748 0.0080
12.6844 0.0500
0.2912 0.0690
471.5719 0.0010
0.0002 0.1150
7.1688 0.0470
0.0000 0.3350
437.1132 0.0000
154.7672 0.0290
395.2306 0.0070
89.5434 0.0310
241.3036 0.0110
123.6165 0.0150
409.8445 0.0000
0.0000 0.2300
38.3735 0.0310
80.5461 0.0330
40.4213 0.0350
0.0000 0.2550
0.0053 0.1010
2.2945 0.0550
69.8065 0.0300
21.1271 0.0390
47.2294 0.0280
273.9136 0.0220
42.9240 0.0480
4.1015 0.0540
0.2683 0.0820
240.7921 0.0200
169.3951 0.0180
6.4839 0.0460
391.8125 0.0070
0.0000 0.1630
3.6857 0.0610
0.0076 0.0900
413.1845 0.0010
16.5246 0.0430
7.8707 0.0450
0.0000 0.1450
10.6382 0.0470
101.9820 0.0250
0.5540 0.0600
0.1910 0.0720
218.4110 0.0060
6.8258 0.0580
0.1793 0.0740
27.3328 0.0370
414.8002 0.0030
0.0010 0.1020
198.0732 0.0070
0.1287 0.0660
30.4192 0.0320
425.5639 0.0000
5.6484 0.0430
0.0000 0.1650
1.7943 0.0520
288.8588 0.0030
85.8642 0.0280
0.0028 0.1030
31.7332 0.0200
39.8680 0.0200
25.1380 0.0400
1.8119 0.0590
14.4918 0.0410
1.0795 0.0630
149.8503 0.0170
0.0000 0.1410
0.0000 0.2720
0.0343 0.0870
297.6404 0.0110
472.9324 0.0010
0.9359 0.0720
478.5394 0.0000
0.9437 0.0650
384.0433 0.0150
0.0203 0.0780
4.4746 0.0590
472.2669 0.0110
477.3074 0.0050
0.0371 0.0900
31.5473 0.0350
320.3509 0.0130
421.6490 0.0130
10.0491 0.0500
32.9701 0.0410
0.9994 0.0670
437.8983 0.0030
37.0784 0.0340
328.1468 0.0030
515.6963 0.0060
167.1692 0.0250
354.6197 0.0200
488.6293 0.0010
150.7747 0.0200
213.0263 0.0200
0.0000 0.1400
0.0000 0.1470
440.1334 0.0000
2.1497 0.0660
12.6563 0.0350
470.7273 0.0010
298.3734 0.0140
68.5805 0.0220
4.8003 0.0540
0.9506 0.0600
6.0542 0.0510
0.0064 0.1000
0.0000 0.2290
185.7348 0.0230
0.0000 0.1510
0.2301 0.0800
26.0830 0.0350
0.0000 0.1450
0.6389 0.0690
419.5825 0.0010
100.3536 0.0310
45.1646 0.0290
1.8538 0.0570
468.4596 0.0010
215.1579 0.0100
17.5455 0.0460
30.0169 0.0460
186.1196 0.0240
432.2126 0.0000
0.7278 0.0670
441.6782 0.0040
0.1388 0.0800
0.0007 0.1060
93.8198 0.0180
36.7953 0.0310
3.8677 0.0530
194.8259 0.0250
309.0620 0.0020
4.4355 0.0520
0.0003 0.1160
391.6299 0.0070
369.9747 0.0030
431.0968 0.0000
244.3224 0.0080
0.0000 0.2440
350.5358 0.0140
0.0006 0.1050
0.1814 0.0720
451.0740 0.0130
134.4463 0.0240
0.0010 0.1080
108.7162 0.0300
230.3510 0.0180
0.0002 0.1200
1.1545 0.0560
432.4958 0.0000
3.5879 0.0540
0.7616 0.0620
1.4749 0.0590
438.0866 0.0000
68.6607 0.0220
9.6986 0.0460
452.6720 0.0010
145.3901 0.0300
0.2300 0.0780
0.0583 0.0800
6.5881 0.0360
0.7641 0.0680
234.9900 0.0220
371.9653 0.0100
394.6527 0.0100
194.5560 0.0130
25.9557 0.0450
0.0372 0.0810
375.7514 0.0170
5.1859 0.0390
352.6589 0.0100
450.4548 0.0030
22.5893 0.0480
0.0055 0.0940
240.3344 0.0120
140.0326 0.0290
0.0040 0.0960
131.5595 0.0240
0.1546 0.0890
472.6998 0.0020
226.8991 0.0160
21.1895 0.0400
0.0410 0.0800
96.4686 0.0270
0.0097 0.0960
405.5988 0.0190
0.0033 0.0940
213.7934 0.0240
10.8904 0.0430
0.7632 0.0610
0.0000 0.1820
5.2107 0.0500
521.2905 0.0080
354.1606 0.0140
1.2618 0.0500
33.4821 0.0330
0.0599 0.0720
31.9802 0.0400
464.0393 0.0010
64.3841 0.0290
283.8887 0.0020
148.6925 0.0310
0.2586 0.0790
17.7160 0.0390
91.8954 0.0190
65.5565 0.0260
0.3507 0.0700
196.6588 0.0160
117.8703 0.0320
151.7317 0.0180
430.3495 0.0000
316.4649 0.0140
494.4224 0.0050
117.4829 0.0250
9.2050 0.0400
12.5251 0.0440
84.8301 0.0230
54.6184 0.0230
240.9562 0.0080
142.1266 0.0170
267.1537 0.0100
97.5532 0.0180
12.6406 0.0470
361.3550 0.0080
0.2547 0.0640
4.5718 0.0600
3.9138 0.0530
469.6008 0.0070
0.0025 0.1020
258.1563 0.0190
33.4691 0.0390
33.1740 0.0510
1.5406 0.0530
431.2873 0.0000
474.0900 0.0120
0.0006 0.1100
4.5677 0.0480
119.8788 0.0380
368.9094 0.0100
0.0069 0.0930
320.2193 0.0120
0.0000 0.3270
452.3312 0.0130
0.0567 0.0710
0.0000 0.1870
137.9380 0.0170
28.8682 0.0360
5.7520 0.0510
21.7371 0.0470
0.0000 0.1800
0.0011 0.1050
459.0995 0.0010
211.0492 0.0080
253.8275 0.0160
92.0225 0.0290
261.5870 0.0250
431.6725 0.0170
0.0248 0.0760
0.0012 0.1040
12.9349 0.0450
323.6160 0.0150
5.0341 0.0430
421.4851 0.0010
8.4753 0.0580
399.9613 0.0140
147.2516 0.0250
0.4614 0.0710
0.0005 0.1110
320.3581 0.0130
0.1356 0.0780
146.7941 0.0320
122.5025 0.0240
0.0000 0.1430
0.0389 0.0790
2.8121 0.0550
1.2713 0.0570
133.0009 0.0260
76.9081 0.0310
5.1000 0.0480
6.4650 0.0490
479.2221 0.0020
8.5243 0.0480
272.8046 0.0080
13.1163 0.0480
117.9567 0.0290
4.6570 0.0590
309.3560 0.0130
134.2898 0.0270
275.5315 0.0200
0.0794 0.0770
0.0000 0.1590
352.5021 0.0220
161.5547 0.0190
51.3292 0.0190
0.7473 0.0660
136.0964 0.0230
334.4515 0.0150
0.0148 0.0820
397.0622 0.0000
132.0448 0.0280
2.3116 0.0500
62.8294 0.0320
146.1023 0.0230
353.5597 0.0040
398.0697 0.0000
0.1495 0.0730
246.1258 0.0150
464.3242 0.0020
0.0131 0.0860
14.1533 0.0420
120.3260 0.0220
504.3321 0.0050
512.7707 0.0060
51.1558 0.0250
3.5932 0.0560
448.2788 0.0020
322.3357 0.0220
0.0016 0.1040
419.2813 0.0010
457.7534 0.0010
482.2831 0.0010
66.3212 0.0310
431.9569 0.0000
7.1744 0.0500
9.0293 0.0390
230.8449 0.0200
266.1480 0.0060
468.0590 0.0010
0.0832 0.0750
0.1504 0.0790
108.2859 0.0290
104.0622 0.0240
142.3796 0.0150
192.1805 0.0130
224.4307 0.0130
364.5041 0.0030
146.1018 0.0170
10.5732 0.0470
431.9399 0.0000
468.9164 0.0030
7.0860 0.0490
412.5170 0.0050
25.7283 0.0320
382.5064 0.0020
174.9235 0.0160
208.7909 0.0290
2.1140 0.0590
0.0573 0.0780
0.0000 0.1830
68.4547 0.0380
34.6462 0.0350
27.7287 0.0230
0.0001 0.1210
263.9002 0.0180
31.1641 0.0350
76.3236 0.0230
463.6290 0.0010
25.8267 0.0180
448.4623 0.0020
350.4142 0.0090
0.0001 0.1200
28.1872 0.0430
139.9358 0.0260
0.2384 0.0770
0.0000 0.1290
0.0000 0.1690
0.9219 0.0670
244.9446 0.0080
0.0418 0.0800
43.6891 0.0320
16.3748 0.0430
0.0033 0.0950
18.9008 0.0440
323.9693 0.0080
0.3169 0.0780
0.0031 0.0940
5.6863 0.0600
2.7517 0.0480
231.3958 0.0140
219.1704 0.0110
1.5675 0.0590
32.2027 0.0400
506.4021 0.0020
25.3785 0.0410
139.0507 0.0170
19.9128 0.0320
3.4113 0.0510
441.0025 0.0110
15.1086 0.0400
42.5066 0.0240
0.0002 0.1190
3.9502 0.0510
134.9260 0.0180
219.6178 0.0170
272.0168 0.0150
217.9850 0.0170
467.2015 0.0020
0.3575 0.0680
319.8603 0.0070
0.6785 0.0680
0.0011 0.1080
333.5802 0.0050
429.6735 0.0000
432.4559 0.0000
3.6554 0.0410
0.0165 0.0910
31.3746 0.0330
408.9311 0.0020
257.4285 0.0290
93.3484 0.0270
135.4443 0.0200
440.0248 0.0020
257.0150 0.0040
483.4808 0.0060
84.6916 0.0220
0.0000 0.1380
6.2155 0.0450
12.8598 0.0430
416.5433 0.0010
380.4337 0.0120
0.0009 0.1060
0.0062 0.0910
0.0408 0.0800
0.0000 0.1410
0.0028 0.0980
152.6809 0.0220
2.9943 0.0430
0.0007 0.1060
10.8847 0.0390
3.5393 0.0600
7.6750 0.0440
257.0194 0.0110
402.5603 0.0010
43.3607 0.0330
0.0000 0.2940
0.0000 0.2550
0.0115 0.0900
1.7795 0.0560
3.1744 0.0560
487.5202 0.0010
338.3466 0.0190
45.0115 0.0390
351.7583 0.0120
1.4150 0.0660
450.1153 0.0140
484.2404 0.0010
0.0000 0.2320
332.3796 0.0020
428.2504 0.0010
434.5606 0.0000
243.6788 0.0120
0.0000 0.1690
65.1126 0.0210
0.0181 0.0900
0.0072 0.0880
18.8434 0.0310
83.4764 0.0160
0.6937 0.0680
0.3398 0.0550
438.1248 0.0020
1.9506 0.0680
498.1953 0.0070
0.0008 0.1070
18.6158 0.0430
490.3964 0.0050
0.0000 0.1520
0.0000 0.1650
0.5554 0.0600
159.9357 0.0210
194.3483 0.0160
467.0498 0.0020
312.8305 0.0160
9.2268 0.0480
3.8675 0.0580
32.6140 0.0390
145.3540 0.0250
0.2016 0.0640
0.0171 0.0850
310.3082 0.0200
129.6558 0.0310
0.4643 0.0670
454.6136 0.0110
0.6630 0.0600
0.8491 0.0660
3.1082 0.0490
445.6551 0.0010
364.0063 0.0150
284.2004 0.0170
12.1082 0.0400
111.9430 0.0320
69.5798 0.0240
3.2009 0.0590
1.3704 0.0560
0.9158 0.0610
0.0430 0.0900
1.0035 0.0600
1.3885 0.0650
201.0183 0.0130
268.6213 0.0190
4.5314 0.0490
157.9968 0.0330
3.4292 0.0450
0.0000 0.2100
0.0226 0.0910
44.9972 0.0390
341.0895 0.0160
0.0323 0.0930
185.0957 0.0140
0.0296 0.0840
460.6327 0.0010
0.0032 0.0990
448.2357 0.0080
0.0000 0.1310
0.0085 0.0960
0.0142 0.0860
3.6063 0.0570
14.2835 0.0410
0.3805 0.0670
0.0262 0.0850
442.1900 0.0080
0.0009 0.1050
429.3754 0.0020
399.8945 0.0000
100.0068 0.0290
8.6307 0.0510
107.9888 0.0330
83.8880 0.0360
213.2048 0.0280
0.0000 0.1360
0.0611 0.0750
87.7003 0.0290
58.2862 0.0280
208.9000 0.0230
503.4644 0.0110
104.3891 0.0170
6.9245 0.0530
154.4264 0.0140
0.0860 0.0880
15.7343 0.0450
89.2200 0.0270
19.2442 0.0460
520.6713 0.0080
0.0009 0.1090
34.1097 0.0330
172.3226 0.0110
0.0000 0.1400
3.0799 0.0450
325.7945 0.0150
108.3020 0.0210
301.0181 0.0070
214.0349 0.0150
313.2878 0.0160
466.0728 0.0010
31.0120 0.0390
437.7114 0.0010
0.4622 0.0620
461.3166 0.0060
199.6833 0.0180
46.9485 0.0280
394.2347 0.0010
1.5309 0.0720
9.2395 0.0460
15.0010 0.0250
107.0280 0.0250
207.6771 0.0140
146.9778 0.0200
154.5232 0.0180
453.1336 0.0100
99.6196 0.0300
213.4513 0.0170
48.2888 0.0300
2.8877 0.0610
50.7709 0.0220
178.1562 0.0170
239.8132 0.0090
0.0000 0.2190
402.8556 0.0090
0.0000 0.3150
418.5261 0.0030
0.0021 0.1020
0.0000 0.1300
34.5193 0.0430
1.1086 0.0630
142.5673 0.0110
187.9433 0.0280
32.7774 0.0370
378.3298 0.0170
33.6951 0.0380
0.0001 0.1250
7.5410 0.0500
2.4063 0.0540
220.5711 0.0080
431.9817 0.0010
0.0405 0.0790
1.4036 0.0630
439.9998 0.0020
407.3813 0.0020
182.1095 0.0170
39.0181 0.0300
340.6416 0.0140
15.4180 0.0370
0.0047 0.0960
379.9750 0.0140
0.0090 0.0970
120.4852 0.0190
0.0015 0.1100
463.3759 0.0040
427.8672 0.0000
472.4629 0.0020
367.6577 0.0150
38.0749 0.0320
69.8625 0.0320
422.1211 0.0130
73.6244 0.0250
1.8673 0.0620
431.2384 0.0000
362.3936 0.0170
458.2724 0.0100
97.0540 0.0280
3.8451 0.0600
273.9728 0.0090
125.1269 0.0170
0.0138 0.0900
122.1466 0.0290
163.7673 0.0240
41.5979 0.0350
14.9148 0.0430
458.8131 0.0050
432.7781 0.0000
423.1409 0.0120
34.8661 0.0340
0.0026 0.1020
26.3730 0.0310
6.6656 0.0500
8.8409 0.0480
30.6699 0.0320
441.7633 0.0010
0.0084 0.0950
258.8548 0.0180
178.7019 0.0250
7.7500 0.0360
0.0000 0.1300
469.0048 0.0060
434.9723 0.0000
473.9972 0.0070
79.7060 0.0230
0.6398 0.0620
87.7860 0.0220
0.9125 0.0750
185.2302 0.0130
198.1507 0.0180
0.0000 0.1340
287.2635 0.0210
70.7861 0.0270
8.1655 0.0380
0.1953 0.0800
0.0001 0.1230
60.2995 0.0210
404.2821 0.0010
148.3592 0.0230
348.7463 0.0160
3.8264 0.0510
81.3343 0.0400
69.9699 0.0330
3.2481 0.0550
7.9456 0.0610
459.2470 0.0010
315.1206 0.0140
0.9116 0.0680
526.2412 0.0050
0.2558 0.0810
0.9022 0.0700
0.0099 0.0870
0.0025 0.1090
30.4831 0.0330
3.3610 0.0540
254.0740 0.0230
0.0000 0.1790
21.5022 0.0390
271.6111 0.0090
0.0122 0.0860
207.3730 0.0140
306.7712 0.0150
253.9757 0.0130
384.6140 0.0090
0.0001 0.1240
72.0768 0.0300
30.5458 0.0380
301.3159 0.0060
32.5677 0.0280
73.1435 0.0280
6.9786 0.0480
256.5795 0.0200
0.1873 0.0750
404.0214 0.0100
0.1504 0.0850
70.7712 0.0370
27.7674 0.0370
463.3489 0.0010
0.0000 0.2140
0.2033 0.0800
0.8538 0.0630
198.1615 0.0240
119.5532 0.0250
0.0000 0.1380
299.3517 0.0150
0.2710 0.0730
0.0078 0.0990
371.8032 0.0140
217.3654 0.0230
0.0060 0.1050
98.9036 0.0330
136.5579 0.0080
230.1554 0.0070
95.5410 0.0340
440.8873 0.0120
0.1918 0.0600
13.4859 0.0400
201.6159 0.0240
41.6452 0.0300
0.4210 0.0650
432.1789 0.0030
0.0079 0.0880
0.0056 0.0960
163.9239 0.0310
472.6529 0.0080
333.9655 0.0160
27.7662 0.0400
274.4929 0.0180
145.5980 0.0240
2.4875 0.0510
0.3707 0.0780
463.7453 0.0060
219.4311 0.0190
15.7125 0.0440
284.9934 0.0210
385.4875 0.0160
433.5892 0.0030
0.0000 0.1300
0.0093 0.0940
21.7851 0.0360
54.5279 0.0220
0.0413 0.0720
0.0077 0.1010
8.9643 0.0440
0.0000 0.1640
148.8923 0.0240
366.8631 0.0150
442.9971 0.0080
463.1358 0.0010
357.7673 0.0150
13.6088 0.0320
52.4389 0.0180
72.1223 0.0390
447.5803 0.0050
427.7615 0.0100
493.4708 0.0010
0.8209 0.0550
0.1727 0.0780
0.5265 0.0680
446.3293 0.0030
61.8285 0.0340
3.2913 0.0510
3.3684 0.0470
4.1348 0.0470
54.4866 0.0390
252.5288 0.0190
392.4445 0.0130
346.2596 0.0170
10.4219 0.0470
214.4516 0.0240
434.9192 0.0000
156.2401 0.0230
133.1978 0.0250
311.6285 0.0200
0.3784 0.0670
1.2646 0.0660
66.8230 0.0210
444.1064 0.0070
66.0967 0.0200
68.2890 0.0330
0.0347 0.0860
116.4260 0.0300
55.1178 0.0250
86.7548 0.0090
400.4301 0.0080
0.3446 0.0640
41.7340 0.0360
148.3170 0.0170
0.0001 0.1210
277.2084 0.0170
454.6122 0.0020
14.6714 0.0490
323.5262 0.0210
10.7400 0.0490
53.6963 0.0210
17.2591 0.0430
0.0000 0.1270
462.3391 0.0020
508.2391 0.0020
479.1771 0.0010
0.0065 0.0930
156.6335 0.0200
352.6006 0.0150
1.7845 0.0630
455.5186 0.0100
294.5289 0.0170
0.0003 0.1170
0.5424 0.0690
265.6529 0.0210
0.0137 0.0960
0.0000 0.1500
130.6251 0.0170
0.1510 0.0740
23.2335 0.0360
13.8959 0.0480
450.5060 0.0080
359.8674 0.0100
1.7154 0.0650
5.2980 0.0520
48.0105 0.0340
278.0093 0.0040
49.4634 0.0410
427.9025 0.0150
462.0080 0.0020
161.0867 0.0150
423.9819 0.0010
53.7671 0.0260
384.3498 0.0140
4.4294 0.0550
116.0811 0.0250
290.0960 0.0110
97.8005 0.0280
0.0555 0.0950
132.6267 0.0290
238.7751 0.0190
12.2154 0.0460
0.5801 0.0710
1.3235 0.0670
436.5297 0.0000
415.8993 0.0060
326.5087 0.0020
473.1689 0.0010
0.1509 0.0740
248.9144 0.0150
420.3421 0.0010
29.7736 0.0410
411.2992 0.0080
0.1457 0.0780
287.6361 0.0140
420.9661 0.0010
395.4547 0.0130
16.5216 0.0340
301.1940 0.0070
3.0519 0.0560
474.6713 0.0010
61.8774 0.0340
8.1467 0.0500
0.0221 0.0950
533.4569 0.0140
429.9394 0.0140
528.3606 0.0060
373.9368 0.0100
19.8543 0.0390
353.2642 0.0160
70.4200 0.0250
13.7925 0.0500
78.3334 0.0260
0.0312 0.0840
3.5180 0.0550
18.5938 0.0410
337.5618 0.0100
1.5272 0.0550
191.2089 0.0190
419.5687 0.0110
479.4986 0.0100
443.9987 0.0050
53.2782 0.0300
0.0000 0.1330
189.3215 0.0090
11.4728 0.0430
282.7471 0.0130
0.0000 0.1470
421.1370 0.0000
0.4657 0.0580
439.0410 0.0130
10.9815 0.0400
204.4792 0.0050
1.5413 0.0580
10.2005 0.0420
0.6780 0.0610
80.7653 0.0230
0.4017 0.0740
322.7087 0.0210
316.2500 0.0130
316.1887 0.0110
0.0997 0.0660
0.0532 0.0870
436.1694 0.0000
467.3082 0.0000
424.5898 0.0070
3.6495 0.0550
6.3495 0.0510
0.0164 0.0900
135.4518 0.0330
0.0005 0.1080
16.7841 0.0410
0.3966 0.0670
338.6270 0.0080
314.5804 0.0020
209.3648 0.0210
432.7827 0.0120
107.3436 0.0290
435.6796 0.0000
236.1120 0.0180
12.0991 0.0380
0.1167 0.0820
0.0039 0.1030
4.0060 0.0580
294.1178 0.0190
1.7001 0.0620
9.7267 0.0450
0.0000 0.1540
313.1108 0.0180
2.0962 0.0630
474.0543 0.0010
487.7631 0.0100
3.0938 0.0480
0.0204 0.0800
65.3028 0.0310
12.9193 0.0310
0.0019 0.1050
3.0526 0.0580
1.2126 0.0720
330.6329 0.0150
2.3626 0.0520
16.3383 0.0450
0.1352 0.0810
51.1272 0.0320
324.6479 0.0060
22.2858 0.0400
130.3191 0.0200
9.3722 0.0440
0.0027 0.1040
0.0048 0.1010
201.7195 0.0210
194.6234 0.0090
55.1039 0.0290
420.2537 0.0080
41.3440 0.0360
0.2404 0.0700
415.1263 0.0010
0.0239 0.0880
74.5205 0.0300
19.2052 0.0470
95.5494 0.0270
9.8984 0.0360
6.2198 0.0480
172.6250 0.0150
105.9897 0.0230
7.4501 0.0490
8.0790 0.0400
15.0206 0.0400
0.0001 0.1320
374.8961 0.0080
344.5554 0.0040
0.8105 0.0710
60.4605 0.0310
0.1926 0.0710
421.5785 0.0000
433.3051 0.0130
144.8101 0.0240
108.3287 0.0350
51.2548 0.0290
431.8633 0.0000
481.3277 0.0020
81.1350 0.0260
0.9229 0.0570
313.0689 0.0090
216.3088 0.0150
306.1025 0.0080
194.1725 0.0090
7.7292 0.0430
422.3962 0.0030
50.0701 0.0350
18.4139 0.0400
74.8740 0.0270
1.0359 0.0610
175.6040 0.0220
152.0851 0.0210
151.9587 0.0170
294.2454 0.0120
318.8301 0.0070
427.8241 0.0000
52.0775 0.0320
2.3828 0.0480
389.4799 0.0010
24.0209 0.0350
7.0415 0.0480
4.0665 0.0620
183.6866 0.0210
163.9381 0.0310
449.2836 0.0120
436.2670 0.0000
33.0834 0.0350
47.4590 0.0290
11.5831 0.0420
481.8836 0.0100
283.3661 0.0100
182.4681 0.0170
13.5224 0.0320
1.5156 0.0480
349.3095 0.0060
76.5045 0.0340
469.5789 0.0010
497.4012 0.0030
1.8586 0.0540
40.0687 0.0250
469.5988 0.0010
320.7908 0.0140
30.6619 0.0240
166.1057 0.0240
0.0032 0.1020
434.0982 0.0000
467.1604 0.0100
348.8508 0.0080
21.8191 0.0380
22.6846 0.0340
425.1388 0.0000
428.7775 0.0000
436.2714 0.0000
429.1941 0.0000
19.1078 0.0450
2.3918 0.0630
487.8949 0.0020
180.5441 0.0270
217.2023 0.0140
8.0781 0.0520
436.2124 0.0000
440.4459 0.0070
458.9985 0.0060
161.2188 0.0190
400.2021 0.0080
273.3639 0.0190
139.2016 0.0180
0.5621 0.0650
434.0437 0.0000
134.3379 0.0240
0.2894 0.0740
28.9234 0.0310
382.5977 0.0110
491.0246 0.0020
322.7199 0.0140
43.5890 0.0380
1.7342 0.0630
8.4931 0.0460
0.0026 0.1020
417.8978 0.0000
101.3172 0.0230
487.9007 0.0020
448.9873 0.0080
446.6137 0.0070
437.1255 0.0010
317.8477 0.0130
476.9764 0.0030
10.3218 0.0360
58.4499 0.0310
181.6464 0.0260
0.0650 0.0820
408.5240 0.0120
433.0517 0.0000
350.8485 0.0150
36.4808 0.0380
234.4677 0.0060
371.7379 0.0120
157.6254 0.0150
231.6160 0.0130
213.1344 0.0180
475.3207 0.0020
455.5954 0.0110
145.1627 0.0260
255.3121 0.0220
134.1557 0.0250
111.7144 0.0190
455.4966 0.0020
57.4666 0.0150
506.4973 0.0080
0.0000 0.1270
95.0949 0.0310
6.2681 0.0460
10.6007 0.0360
0.0000 0.1460
33.9052 0.0350
11.2264 0.0380
327.3340 0.0030
17.0847 0.0370
242.4259 0.0250
316.7285 0.0150
467.3898 0.0010
38.7051 0.0420
72.8602 0.0370
45.9266 0.0210
0.0343 0.0860
35.9190 0.0390
0.0191 0.0960
402.7953 0.0000
79.1274 0.0310
291.1468 0.0230
0.8764 0.0720
375.1260 0.0110
0.1697 0.0840
45.0476 0.0280
0.2957 0.0750
129.3896 0.0140
0.0000 0.1460
427.2181 0.0150
84.3383 0.0320
18.3038 0.0330
0.0021 0.1010
1.3002 0.0640
34.9499 0.0350
31.3410 0.0350
49.8037 0.0320
4.7709 0.0510
4.2302 0.0570
456.9651 0.0100
429.9257 0.0050
334.4941 0.0050
53.6588 0.0240
201.5371 0.0200
0.0302 0.0820
31.5155 0.0410
265.8537 0.0040
428.3402 0.0000
82.2154 0.0370
0.2307 0.0580
1.9336 0.0620
334.9727 0.0060
0.8135 0.0670
199.4013 0.0140
51.2679 0.0280
120.4567 0.0270
0.0061 0.0980
290.2488 0.0070
26.0026 0.0420
428.2684 0.0050
449.4204 0.0030
10.7046 0.0400
403.4379 0.0070
294.5914 0.0200
474.2269 0.0050
8.7271 0.0500
156.6822 0.0150
0.8094 0.0710
13.9467 0.0470
323.6128 0.0150
33.3735 0.0340
22.1466 0.0450
226.4151 0.0050
0.1981 0.0730
460.3982 0.0030
0.0000 0.1370
422.4582 0.0080
469.8756 0.0040
97.3110 0.0320
70.1612 0.0340
156.3059 0.0180
428.6117 0.0010
471.0028 0.0010
201.2118 0.0200
3.2610 0.0560
64.2025 0.0230
437.3205 0.0000
119.8503 0.0260
275.6180 0.0170
2.2857 0.0570
359.3594 0.0140
190.6978 0.0260
70.7379 0.0260
127.3355 0.0100
416.5822 0.0010
495.3488 0.0090
0.0098 0.0960
135.4353 0.0210
242.7680 0.0140
24.2351 0.0390
387.8431 0.0080
3.0534 0.0620
0.1751 0.0740
8.3391 0.0500
436.2831 0.0080
48.9075 0.0370
104.8877 0.0280
88.0046 0.0280
68.7367 0.0270
85.2119 0.0290
304.9040 0.0150
0.0009 0.1050
434.9809 0.0000
16.4573 0.0470
160.5585 0.0260
264.4443 0.0200
25.1316 0.0370
118.2196 0.0250
301.8795 0.0080
24.8713 0.0360
2.7314 0.0610
271.8987 0.0110
429.2780 0.0120
464.4816 0.0110
432.0858 0.0000
18.3746 0.0340
270.3647 0.0120
88.3771 0.0340
0.7216 0.0690
183.9548 0.0110
4.8771 0.0500
169.2944 0.0160
12.4398 0.0450
28.1755 0.0410
149.5942 0.0290
21.2486 0.0450
84.1236 0.0230
336.1084 0.0130
391.2101 0.0200
290.9078 0.0180
415.6235 0.0050
73.3883 0.0290
503.2442 0.0030
0.1656 0.0690
0.6768 0.0600
442.8752 0.0090
0.8094 0.0700
536.2672 0.4550
26.7793 0.0410
1.3144 0.0680
190.7459 0.0130
271.9312 0.0100
349.1529 0.0080
141.3235 0.0270
290.3539 0.0180
222.4477 0.0200
267.6005 0.0150
23.2065 0.0400
0.0315 0.0930
19.2679 0.0270
117.6663 0.0200
20.1971 0.0440
3.8167 0.0480
486.7869 0.0120
522.1867 0.0100
342.4131 0.0120
59.0688 0.0400
0.0336 0.0790
302.6562 0.0060
185.0459 0.0060
0.0436 0.0820
0.0058 0.0980
85.1519 0.0260
25.1529 0.0310
94.5014 0.0230
279.2466 0.0120
497.4917 0.0060
3.7746 0.0480
0.8440 0.0600
19.5300 0.0430
31.7148 0.0340
0.0974 0.0890
435.2012 0.0140
514.8832 0.0060
