1.4110 0.1825
0.3952 0.1537
0.4821 0.2021
0.0733 0.2955
2.3263 0.1640
12.0421 0.0782
0.8291 0.1816
7.2354 0.1180
13.3188 0.0848
19.0105 0.0857
1.7564 0.1744
0.0128 0.2875
1.9850 0.1534
12.0171 0.1080
0.5907 0.1894
2.9736 0.1421
2.6362 0.1540
6.7237 0.1322
12.4292 0.1275
11.0958 0.1373
2.3884 0.2110
25.7541 0.0425
0.7804 0.2126
4.8177 0.1964
0.0251 0.3145
0.0664 0.2026
0.4264 0.1973
18.4221 0.1244
16.1217 0.0510
0.3637 0.2052
10.0993 0.1181
5.3275 0.1492
14.9920 0.1142
6.7622 0.1546
1.4770 0.1152
47.8358 0.0365
56.9690 0.0186
0.3814 0.2312
3.0944 0.1467
4.4020 0.1015
0.8436 0.1997
1.2791 0.1375
2.5862 0.1626
24.7125 0.0687
1.0650 0.1713
7.6229 0.1021
0.0348 0.2656
0.8844 0.1796
3.7560 0.1316
2.1938 0.1753
0.0339 0.2731
17.2161 0.0962
29.0875 0.0558
0.2500 0.2455
0.3216 0.2522
3.0257 0.1425
10.8535 0.1478
0.2466 0.2315
30.3676 0.0581
13.6684 0.0500
0.0610 0.2850
5.0489 0.0970
0.0441 0.2599
1.7301 0.1621
0.1858 0.2755
7.4429 0.1355
10.0409 0.1383
3.4163 0.1355
12.9097 0.0921
15.1527 0.1244
0.5915 0.2325
5.5070 0.1644
1.3202 0.1881
13.7083 0.0878
35.1175 0.0391
2.4575 0.1995
3.8728 0.1679
10.4510 0.1213
1.3422 0.1310
5.9762 0.1264
2.6141 0.2097
1.4530 0.1793
2.8138 0.1781
5.0595 0.1469
27.1071 0.0262
0.9410 0.1691
37.0453 0.0307
0.2866 0.2561
79.3180 0.0085
2.4945 0.1646
2.8321 0.1420
0.2173 0.2308
0.6227 0.2054
2.2201 0.1929
0.1069 0.2005
0.1259 0.1981
0.0422 0.2718
1.3642 0.1362
9.9318 0.0623
0.4370 0.1971
78.3442 0.0196
2.7631 0.1546
18.2630 0.1230
0.1014 0.2641
0.8147 0.2051
6.1061 0.1479
15.5978 0.0646
10.2683 0.1237
0.1715 0.2394
1.1827 0.1977
2.4343 0.1018
0.0091 0.3369
64.9534 0.0149
53.4903 0.0244
0.2247 0.2247
3.8462 0.1027
8.0543 0.1172
9.4814 0.0999
46.9481 0.0257
4.1844 0.1475
15.7299 0.0555
8.0537 0.1181
9.8209 0.1207
2.1782 0.1399
6.1593 0.0347
6.5931 0.1053
0.4505 0.2270
13.2050 0.0850
8.5635 0.1000
31.5917 0.0561
5.7623 0.1502
9.2962 0.0927
3.1853 0.1186
0.2797 0.2507
5.0894 0.1336
18.5462 0.0962
38.9700 0.0534
16.5115 0.0647
1.0088 0.1986
2.7200 0.1315
15.6831 0.1087
4.6024 0.1839
1.3065 0.1881
0.6750 0.2319
16.0716 0.0936
30.8682 0.0722
1.3228 0.1944
8.5349 0.1127
7.7721 0.1257
0.1379 0.2843
0.8790 0.1410
5.2253 0.1464
5.2413 0.1065
9.5392 0.1299
0.0435 0.2913
3.3566 0.1304
23.1031 0.1017
0.0356 0.2421
6.4011 0.0786
1.4514 0.1852
5.7087 0.1549
0.0662 0.2684
4.8242 0.1147
0.1312 0.2454
2.3680 0.1956
1.0846 0.2240
11.9643 0.1014
85.0246 0.4360
13.9560 0.0923
0.1405 0.2079
5.4376 0.1287
0.1407 0.2567
0.2041 0.2179
0.5310 0.1730
4.3615 0.1461
0.1451 0.1982
8.1979 0.0544
0.2282 0.2203
13.0167 0.1053
14.5869 0.1045
10.2273 0.1205
67.0479 0.0330
0.3817 0.2146
0.0542 0.2754
1.4946 0.1408
5.2414 0.1394
1.5382 0.2044
0.9154 0.1881
0.0531 0.2679
5.7390 0.1446
0.3232 0.2084
0.9685 0.2321
0.9420 0.2221
25.8079 0.3587
0.1124 0.2497
0.0621 0.2297
1.3536 0.1846
10.0318 0.1271
3.0862 0.1589
0.5828 0.1315
0.8767 0.1344
5.4462 0.1154
1.4804 0.2007
0.9469 0.1891
0.2169 0.1811
31.7913 0.0382
13.0625 0.1031
1.1150 0.2002
16.9814 0.0990
12.9538 0.1163
3.8574 0.1469
8.9056 0.1220
4.8291 0.0397
1.3724 0.2031
1.5578 0.1836
4.2685 0.1451
7.2671 0.1431
6.3521 0.3356
0.3530 0.1455
0.3082 0.1760
0.2563 0.1947
0.8490 0.1973
0.0706 0.2746
0.9859 0.1677
15.7557 0.0832
76.2068 0.0161
2.5441 0.1315
2.1338 0.1629
11.4495 0.0525
1.9400 0.1483
3.9694 0.1497
6.0424 0.1164
9.9501 0.0754
38.3702 0.0415
31.4507 0.0447
56.6513 0.0325
0.0742 0.2490
2.1461 0.0889
10.0952 0.0991
2.2012 0.1808
1.9957 0.1810
6.3569 0.1438
9.5651 0.1644
7.1565 0.1116
3.4763 0.1419
1.7815 0.1876
1.3090 0.1302
2.4111 0.1900
3.1102 0.1371
62.4563 0.0067
10.8862 0.1125
64.4830 0.0096
22.7690 0.0819
3.2049 0.1498
3.4710 0.1620
13.1472 0.1062
1.3023 0.1604
14.3803 0.0976
2.8235 0.1456
0.1228 0.2651
9.1494 0.1209
2.2676 0.1910
2.1671 0.1727
4.1359 0.1357
0.0606 0.2742
0.0399 0.2849
0.8867 0.1858
12.8030 0.0910
16.8445 0.1282
0.0110 0.2836
1.0568 0.1822
1.7702 0.1453
4.5586 0.1490
9.1559 0.1130
9.1062 0.1087
5.1171 0.1462
80.0829 0.0121
83.7654 0.0107
0.7540 0.1898
1.2542 0.2320
40.0751 0.0351
0.3606 0.2135
0.5102 0.2306
0.4546 0.2151
0.0385 0.2923
7.5977 0.1247
3.8357 0.1738
18.4927 0.0632
2.8044 0.1963
16.6400 0.0903
3.0984 0.1479
1.2340 0.0902
0.0624 0.2745
0.0833 0.2493
0.2631 0.2114
4.7922 0.1310
29.7449 0.0693
10.8306 0.1076
0.9664 0.1933
15.4373 0.0680
10.9650 0.0812
16.6645 0.0546
22.7123 0.0440
0.4046 0.2189
0.1517 0.1655
0.2942 0.2072
0.0207 0.2858
0.1152 0.2175
0.6908 0.1636
5.0667 0.0518
2.1460 0.0822
0.8725 0.2226
8.0272 0.1552
0.0323 0.2852
0.4084 0.2408
4.8031 0.0579
0.8546 0.2094
5.4428 0.1112
3.0046 0.1682
0.7182 0.1439
83.0225 0.0206
79.8408 0.0168
9.7823 0.1297
11.4754 0.1453
0.8385 0.1452
1.6504 0.1234
0.8407 0.1493
0.1072 0.2370
5.2437 0.1226
23.8117 0.0431
0.0256 0.3104
2.6237 0.1184
1.5552 0.1731
1.0102 0.1741
5.3288 0.1556
1.2337 0.2074
5.0852 0.0615
0.7882 0.1376
28.5048 0.0802
0.1044 0.2864
1.3945 0.1804
9.2360 0.0885
4.1079 0.0398
14.8862 0.1069
4.5287 0.1624
1.8449 0.1724
4.6255 0.1536
17.1969 0.1334
1.2458 0.1964
4.2070 0.1651
0.5884 0.1962
0.6162 0.2190
23.3643 0.0820
0.3682 0.1852
4.2365 0.1304
0.0220 0.2792
10.5761 0.1546
9.3528 0.1014
0.1075 0.2376
1.6031 0.1586
14.0086 0.0623
1.4813 0.2288
0.1686 0.2390
2.9642 0.1557
0.0971 0.1997
0.6121 0.1271
7.6423 0.1458
0.0923 0.2496
29.3453 0.0553
5.7066 0.1134
0.2896 0.2588
1.8101 0.1828
6.6807 0.1211
29.1870 0.0386
3.0046 0.1752
0.1572 0.2478
1.4234 0.1607
9.3678 0.1313
0.1474 0.1916
0.0504 0.2543
3.7574 0.1675
7.0717 0.1110
11.8762 0.1370
0.1265 0.2676
2.5350 0.1410
0.4552 0.1897
1.6760 0.1079
1.6245 0.1796
12.1237 0.1048
0.1183 0.2457
2.9190 0.1639
2.0678 0.1776
6.3953 0.1372
2.3353 0.2034
18.7615 0.1095
14.9154 0.0355
4.7143 0.1400
28.9613 0.0618
6.5545 0.0809
2.4027 0.1982
0.3156 0.2206
0.0479 0.2633
0.0787 0.2387
22.1132 0.0523
2.0867 0.1772
0.0906 0.2389
0.3607 0.1609
0.1117 0.2558
1.3687 0.2014
2.4986 0.1118
0.0268 0.3064
6.2031 0.1330
0.0582 0.2355
0.3836 0.2265
0.4923 0.2523
12.1649 0.1293
0.0081 0.3159
0.6613 0.2144
1.5074 0.1669
0.1624 0.2571
3.1250 0.1814
0.1052 0.2798
0.1679 0.2443
0.3066 0.2206
1.5391 0.1775
1.2178 0.2077
17.2754 0.0761
1.2757 0.1898
5.8169 0.1070
0.1393 0.2724
2.3232 0.1846
1.3321 0.2128
1.2992 0.2115
68.3792 0.0238
0.1318 0.2476
2.1867 0.1783
5.5612 0.1269
1.2912 0.1395
0.4254 0.2175
30.3412 0.0582
0.3997 0.1727
0.8916 0.2307
1.1089 0.1605
0.1239 0.2185
39.1714 0.0295
2.8175 0.1692
1.5882 0.2071
1.6451 0.1628
0.1195 0.2428
0.0441 0.2772
4.5889 0.1417
14.9115 0.0629
1.8494 0.1708
0.9436 0.2070
0.1125 0.2486
0.5686 0.2022
0.1003 0.2285
0.1650 0.2523
0.2646 0.2484
0.7908 0.2258
0.8126 0.2202
0.0199 0.3113
0.0726 0.2340
5.9133 0.1332
3.7287 0.1443
1.0850 0.1829
6.4346 0.0488
0.4197 0.1997
0.3392 0.2399
20.8676 0.0833
12.6311 0.0992
1.8629 0.1710
7.1712 0.1321
0.0738 0.2392
0.4672 0.2122
4.6744 0.0163
0.1404 0.2425
0.0255 0.3020
0.9993 0.2171
5.7823 0.1651
1.8590 0.1270
5.6735 0.1321
5.1593 0.1195
3.8817 0.1776
7.4837 0.1035
0.5023 0.1990
0.0899 0.2442
17.5464 0.0965
4.3439 0.1118
0.5946 0.2207
0.1923 0.2522
1.4555 0.1905
6.7172 0.0529
1.6790 0.1278
1.9828 0.1599
0.0877 0.2499
4.4027 0.1443
0.0857 0.2761
7.9914 0.1094
2.4901 0.1597
21.4058 0.0683
0.0125 0.2925
1.8421 0.1388
16.5530 0.0863
0.0353 0.2914
4.7336 0.1614
5.3136 0.1427
11.1592 0.0630
0.0309 0.2669
0.0127 0.2798
0.0689 0.2166
1.1172 0.1802
1.7146 0.0574
0.1233 0.2254
6.1785 0.0227
4.5692 0.1673
21.9917 0.0669
11.2063 0.1285
0.3535 0.1245
12.7750 0.1087
6.8518 0.1102
0.0942 0.2647
27.5859 0.0625
8.9321 0.1335
0.1466 0.1931
9.5620 0.1115
17.8127 0.1340
7.7801 0.0908
0.0920 0.2793
0.0378 0.2536
2.9669 0.1598
1.2094 0.2222
0.3819 0.1580
1.2658 0.1027
5.9026 0.1570
8.9292 0.0878
0.2271 0.2510
6.1577 0.1410
27.5482 0.0259
5.6783 0.1306
36.0936 0.0256
5.7399 0.1111
0.2859 0.2387
0.1031 0.2724
3.3420 0.1521
2.8939 0.1360
1.0072 0.2292
8.6256 0.1549
4.3615 0.1555
3.2410 0.1853
2.8742 0.1370
1.6474 0.1890
9.7705 0.0930
3.2021 0.1333
0.2494 0.2249
11.9331 0.0581
1.0694 0.1757
22.5675 0.1013
4.3210 0.1691
0.0630 0.2483
1.5481 0.1986
14.2617 0.0726
0.1688 0.2020
0.5549 0.2388
35.2181 0.0155
0.7798 0.2358
7.6385 0.1045
10.0932 0.0837
7.1244 0.1435
2.5267 0.1819
0.0458 0.2774
0.5853 0.1643
1.0592 0.2183
0.2401 0.2410
8.8656 0.0725
15.6087 0.1303
3.7521 0.1793
1.9276 0.1626
4.7430 0.1656
10.7634 0.0884
1.1124 0.1796
37.3927 0.0480
0.2948 0.2565
0.0132 0.2957
0.7858 0.2086
0.3740 0.2034
0.0041 0.3083
8.3974 0.1070
6.0534 0.1603
25.8598 0.0545
5.7827 0.1236
4.3068 0.1587
37.2275 0.0220
0.0873 0.2742
0.4123 0.2343
0.8720 0.2069
0.0118 0.2971
0.5365 0.1369
2.6739 0.1625
2.9885 0.1496
1.8846 0.1605
2.2785 0.1891
5.6749 0.1659
0.3081 0.2293
0.8730 0.2138
1.1725 0.1887
16.8059 0.0845
0.0033 0.2999
0.0366 0.2594
0.0380 0.2536
2.9233 0.1204
0.8452 0.1926
0.0042 0.3166
18.2957 0.0891
15.1163 0.0801
0.2691 0.2514
0.0006 0.3672
3.2183 0.1448
0.0185 0.3096
1.0559 0.2135
3.3558 0.1180
0.2532 0.2298
0.3661 0.2368
0.2236 0.2517
2.9297 0.1518
1.0632 0.1749
7.7974 0.1173
14.5833 0.0852
2.9573 0.1401
1.2587 0.1610
60.2708 0.0272
1.3150 0.1648
21.6873 0.0552
6.5741 0.1096
13.2166 0.0918
0.0837 0.2382
0.4740 0.1972
2.0954 0.1561
0.1349 0.2360
6.4264 0.1224
20.6201 0.0364
1.8781 0.1420
0.0097 0.2872
0.5889 0.1656
1.1214 0.1899
0.3032 0.1340
0.2444 0.2271
0.1244 0.2215
7.5441 0.1493
12.9786 0.0382
0.1153 0.2796
0.9206 0.2150
1.8919 0.1740
0.8541 0.2272
1.5584 0.1613
17.8038 0.1110
0.5292 0.1748
14.1850 0.0516
1.7450 0.1863
82.8234 0.0026
10.1588 0.1047
22.5602 0.0522
37.6138 0.0307
1.1397 0.1015
0.7146 0.2084
0.5527 0.2416
0.1706 0.2242
11.5882 0.1544
16.9890 0.0826
27.6414 0.0304
15.8602 0.0707
4.2819 0.1277
3.9497 0.1254
3.8174 0.1801
0.0083 0.3197
2.1270 0.1743
2.6862 0.1680
1.0715 0.2118
13.6464 0.0705
7.0021 0.1050
20.1971 0.0579
11.5164 0.0854
25.4945 0.0735
0.5749 0.2040
0.2759 0.2326
17.5183 0.0174
2.8085 0.1570
16.3265 0.1095
0.0598 0.2825
3.4522 0.1580
2.3559 0.1721
0.5565 0.2050
14.7621 0.0426
3.4155 0.1494
15.6436 0.1241
1.7194 0.1930
10.3704 0.1101
1.1768 0.1450
4.6732 0.1547
2.0978 0.1487
8.3072 0.1218
7.2401 0.1090
0.1517 0.2188
1.4702 0.0760
1.3912 0.1995
11.7405 0.1149
1.9168 0.1299
35.3337 0.0325
32.3204 0.0489
0.0943 0.2717
14.6542 0.1129
0.1455 0.2300
1.3696 0.1604
3.5237 0.1598
79.6719 0.0047
16.5565 0.1187
0.1745 0.2375
1.0145 0.1937
1.6095 0.1442
0.4019 0.1901
16.0489 0.1175
0.5549 0.2151
0.5839 0.1646
24.7391 0.0389
0.0532 0.2563
1.2461 0.1645
6.1874 0.1383
6.1386 0.0845
2.5719 0.1782
15.6729 0.0242
2.9518 0.1336
9.1933 0.0982
0.2372 0.2519
1.7645 0.1797
0.6665 0.1981
10.6638 0.1145
0.0725 0.2654
2.3801 0.1783
0.8958 0.1500
34.2572 0.0335
2.7532 0.1581
0.4386 0.2251
22.8868 0.0947
3.6097 0.1056
6.8782 0.1100
8.1875 0.0984
6.4117 0.1584
0.4539 0.1931
6.1214 0.1300
1.3774 0.1721
0.6043 0.2001
0.3375 0.2053
0.6717 0.1489
0.0523 0.2857
10.1658 0.0999
0.3752 0.2489
2.6852 0.1613
0.9274 0.1967
0.8476 0.0997
10.3758 0.0626
3.3647 0.1833
15.1124 0.1087
0.1193 0.2488
3.3643 0.1457
2.6317 0.1485
1.5350 0.1586
4.7934 0.1382
4.3285 0.1331
0.0631 0.2650
6.7453 0.1323
3.2196 0.1577
0.0639 0.2160
0.4642 0.1955
0.6656 0.1896
1.1103 0.1902
1.8181 0.1739
0.8806 0.1435
2.2709 0.1641
2.5113 0.1237
9.0786 0.1127
5.6723 0.1624
7.5894 0.1577
1.1870 0.2158
14.5920 0.0982
7.6594 0.1214
3.8925 0.1467
2.8955 0.1673
3.7831 0.1559
3.5569 0.1725
0.0691 0.2373
0.2645 0.2374
2.9383 0.1582
6.9792 0.1183
6.1916 0.0779
0.0737 0.2868
2.6469 0.1551
6.9569 0.1043
3.5781 0.1760
17.3600 0.1039
0.7892 0.2058
1.0279 0.1439
0.4937 0.1932
22.6881 0.0506
2.0466 0.1158
9.0708 0.1256
0.3865 0.1566
5.5440 0.1105
6.2822 0.1224
0.4176 0.2031
7.0499 0.1294
2.8782 0.1761
0.1263 0.2308
4.1523 0.1783
15.4855 0.1022
1.2808 0.2079
0.3542 0.1626
3.0052 0.1213
0.0226 0.3059
73.4562 0.0137
45.5830 0.0150
3.2864 0.1485
0.6020 0.1946
13.5289 0.0940
10.0983 0.0943
2.4166 0.1260
2.5848 0.1789
0.0783 0.2907
0.5157 0.1271
10.6566 0.1110
0.0355 0.2270
5.6230 0.0539
0.2417 0.2360
5.4655 0.0326
22.7017 0.0595
6.3542 0.1624
17.2741 0.0447
0.1130 0.2686
9.3844 0.1442
50.1706 0.0194
0.1218 0.2614
0.1393 0.2331
75.9280 0.0142
9.3345 0.1044
10.2043 0.1121
4.1983 0.1275
1.9024 0.1608
0.7940 0.1733
6.0346 0.1588
0.3543 0.2682
0.0397 0.2773
16.8133 0.0858
0.0264 0.2999
2.4695 0.1717
7.4872 0.1559
2.0547 0.1512
0.0144 0.3109
0.1651 0.2731
4.7334 0.1390
17.3522 0.1462
0.6591 0.2062
5.9634 0.1376
1.5712 0.1885
37.3704 0.0405
68.0967 0.0088
16.0207 0.0701
2.1413 0.1485
0.8899 0.1369
17.3827 0.0964
3.9339 0.1550
0.0119 0.3343
13.2840 0.0798
6.1859 0.1395
8.1528 0.1241
15.4321 0.1210
2.4562 0.1538
18.8292 0.0456
26.1203 0.0412
5.7614 0.1153
0.0490 0.2754
0.9345 0.2023
7.0196 0.1366
6.6287 0.1305
0.1421 0.2212
1.1719 0.1528
0.0399 0.2568
1.6382 0.1463
17.4684 0.0915
0.2841 0.1655
1.0053 0.2199
0.1641 0.2326
11.0180 0.1293
6.1136 0.1210
0.8307 0.1788
4.7927 0.1288
2.2617 0.1265
0.0003 0.3469
0.2603 0.2198
2.5968 0.1669
0.3613 0.1855
7.9296 0.1068
9.0429 0.0903
0.0053 0.3132
2.4370 0.1630
0.3817 0.1847
6.7378 0.1226
0.6604 0.1631
3.0706 0.1187
8.3799 0.1011
5.2268 0.1481
15.7507 0.0792
2.1800 0.1748
0.0563 0.2751
1.0801 0.1093
0.2413 0.2487
0.2999 0.2101
11.0429 0.0996
0.0153 0.2487
0.4398 0.2045
3.6621 0.1018
8.3190 0.1143
11.1922 0.0681
19.3592 0.0712
3.2530 0.1808
10.4730 0.1025
8.9600 0.1284
1.1205 0.1503
0.2646 0.2274
9.6133 0.1207
0.0211 0.2997
2.6792 0.0756
1.1989 0.1280
0.0537 0.2878
2.7197 0.1187
0.0785 0.2592
0.1698 0.2425
0.0117 0.2971
3.6758 0.1632
11.2593 0.0721
0.0494 0.2702
0.2841 0.1831
0.2394 0.2201
0.0079 0.3056
9.3517 0.1037
14.6117 0.1139
17.9938 0.0410
0.3785 0.2230
48.9031 0.0367
1.7075 0.1577
0.0609 0.2800
6.4724 0.1447
0.4071 0.2038
2.1073 0.1376
2.5969 0.1437
3.8637 0.1867
2.9916 0.1577
7.9232 0.1324
0.2848 0.2349
60.1364 0.0150
5.6526 0.1287
0.2150 0.2544
0.0004 0.3749
13.6124 0.1038
0.1522 0.2410
6.8537 0.0608
1.4829 0.2845
2.5777 0.1837
0.8018 0.1951
35.2338 0.0579
3.4440 0.1721
0.5432 0.2006
5.0931 0.1605
0.1919 0.2218
2.1557 0.1689
7.8470 0.1041
3.4881 0.1336
0.1936 0.2386
9.6991 0.1158
5.0588 0.1160
12.1412 0.1105
2.8639 0.1417
0.8263 0.1803
7.2071 0.1108
1.6711 0.0398
7.0305 0.1048
1.2228 0.1880
6.7113 0.0871
2.1762 0.1935
7.6699 0.0934
4.7040 0.1369
28.5701 0.0500
0.4720 0.2525
2.2430 0.1369
3.3825 0.0928
2.8358 0.1744
0.9986 0.1851
0.0611 0.2397
83.3968 0.0115
3.4419 0.1754
1.7813 0.1593
0.7661 0.2180
3.5565 0.1415
26.1061 0.0402
5.7904 0.1480
0.2765 0.2322
14.5586 0.0945
5.3818 0.1632
5.2367 0.1549
4.3166 0.1103
3.0384 0.1721
0.3092 0.2265
3.5565 0.1881
3.7694 0.1478
15.3904 0.0297
6.3052 0.1346
2.1880 0.1921
1.5178 0.1408
0.0019 0.3419
2.9633 0.1527
1.0657 0.1567
1.0484 0.1811
1.7078 0.1498
15.3820 0.0997
2.9112 0.1601
6.4713 0.1496
1.5113 0.1948
30.6605 0.0114
3.7476 0.1335
11.5237 0.0832
1.1550 0.2005
16.7634 0.0622
4.5056 0.1527
0.0262 0.2550
6.0486 0.1269
7.9135 0.0660
0.4884 0.2108
2.1680 0.1071
7.3533 0.0960
70.2006 0.0206
0.0979 0.2664
0.0126 0.3442
0.9054 0.1952
2.3214 0.1757
14.5252 0.1447
7.6082 0.1462
0.4297 0.2141
2.8025 0.1389
12.9223 0.1139
1.3633 0.1931
1.9465 0.1850
0.4214 0.2002
7.8581 0.0272
1.7058 0.1315
8.7160 0.1329
7.6183 0.1181
16.2549 0.1282
0.8154 0.1223
4.0525 0.1238
0.8582 0.1414
18.8835 0.0215
8.6238 0.0562
3.0055 0.1458
1.1423 0.1646
0.2012 0.2635
59.8492 0.0120
1.0510 0.1230
76.4040 0.0092
0.0413 0.2690
3.6827 0.0917
18.1888 0.0800
0.0123 0.2985
1.0386 0.2147
0.2286 0.2540
16.6015 0.1170
3.8616 0.1643
0.0011 0.3377
3.3640 0.0625
30.8519 0.0497
8.7299 0.0475
16.8623 0.0259
4.4221 0.1469
4.3672 0.1510
31.9969 0.0398
1.0953 0.1936
1.1588 0.1976
77.0958 0.0100
3.7036 0.1053
2.8525 0.1339
9.5918 0.0452
16.3068 0.0994
2.6940 0.1651
0.6790 0.1752
1.1470 0.1822
4.5473 0.1271
0.3250 0.1812
0.8610 0.2137
0.2176 0.2468
0.1985 0.2366
6.0862 0.1116
0.0086 0.3118
2.4063 0.1627
4.1806 0.1297
2.5628 0.1317
0.2139 0.2434
1.3834 0.1686
1.4720 0.1827
34.0999 0.0307
39.6415 0.0164
21.9175 0.0380
1.7949 0.1820
0.1559 0.2403
0.0478 0.2754
0.0012 0.3414
9.7241 0.1251
4.5232 0.1338
7.4518 0.1447
5.1847 0.1113
2.7190 0.0815
9.5562 0.0878
0.8479 0.1922
0.5469 0.1747
9.0402 0.1147
14.3481 0.0541
0.8019 0.2267
2.7033 0.1175
6.8035 0.1551
19.8311 0.0888
0.0700 0.2595
5.8373 0.1102
12.4321 0.0897
1.0647 0.1531
3.0521 0.1458
0.0206 0.2978
1.9591 0.1983
0.4007 0.2169
23.1974 0.0636
35.9402 0.0314
1.3767 0.1441
3.0376 0.1149
0.1845 0.2488
12.6337 0.1127
28.0705 0.0240
1.9147 0.1652
0.8711 0.1493
12.5957 0.0769
2.6615 0.1761
0.0597 0.2793
2.0334 0.1752
0.1262 0.2426
5.2290 0.1509
10.5113 0.0700
0.1761 0.2036
9.1309 0.0774
14.3798 0.1092
15.0132 0.0547
13.7877 0.0496
0.2077 0.2079
11.2439 0.0831
2.7446 0.1621
6.5257 0.1675
4.7048 0.1565
1.1655 0.1696
23.4385 0.0872
9.4244 0.0956
0.7012 0.2016
0.0150 0.3286
19.5750 0.0725
46.0544 0.0346
0.0833 0.2902
1.3576 0.1635
0.0622 0.2415
0.0916 0.2332
17.6652 0.0335
1.6244 0.1911
1.7509 0.1839
4.5310 0.0900
11.9662 0.0747
32.3481 0.0302
3.5583 0.2984
8.5498 0.1417
5.1045 0.1398
0.7423 0.1935
3.1268 0.1444
6.3439 0.1357
6.1557 0.1518
3.4973 0.1618
45.6854 0.0428
0.0372 0.2228
78.0851 0.0177
73.5701 0.0196
1.8925 0.1786
0.5406 0.2254
1.1824 0.1435
19.0815 0.0925
6.7205 0.1366
11.6110 0.0720
0.0468 0.2649
6.3286 0.0930
6.2257 0.1687
1.4647 0.1925
10.7312 0.1295
34.2234 0.0132
3.2155 0.1866
0.0147 0.2870
11.2712 0.0832
3.0299 0.1542
0.2106 0.2617
81.1754 0.0078
0.0259 0.2557
10.2409 0.0859
0.5391 0.2362
0.0232 0.2939
2.1615 0.1912
1.8552 0.1522
6.3518 0.1429
4.8704 0.1400
1.1203 0.1650
9.0577 0.1243
0.9053 0.1831
0.0346 0.2725
80.4738 0.0126
4.8403 0.1601
0.8401 0.1863
0.3891 0.2098
11.6374 0.1007
3.7876 0.1329
0.2645 0.2172
0.1557 0.2511
0.0852 0.2538
0.0606 0.2901
3.5335 0.0961
9.7995 0.1332
0.2029 0.2006
3.4842 0.1464
2.1584 0.1661
7.1348 0.1317
1.4269 0.1745
9.1698 0.0248
8.6094 0.0727
0.0247 0.2741
11.3659 0.1300
12.5520 0.1084
0.3409 0.2386
12.3389 0.0283
2.3789 0.1509
0.3002 0.2413
2.2858 0.1606
0.6758 0.2169
6.5572 0.1136
0.4776 0.1759
4.0041 0.0349
0.2051 0.2024
1.1002 0.2163
4.8380 0.1097
7.5754 0.1408
1.0057 0.1843
2.0314 0.1580
0.0428 0.2777
0.5399 0.2104
16.3587 0.1054
1.9592 0.1587
0.2032 0.2385
0.1041 0.2411
36.8982 0.0266
0.8752 0.1943
0.3523 0.1270
10.8548 0.0966
4.3262 0.0456
62.9587 0.0146
57.6930 0.0060
6.0019 0.1222
5.0309 0.0892
0.0183 0.3118
5.3542 0.0611
0.8940 0.2070
11.7664 0.0725
8.9118 0.0495
15.4709 0.0298
1.4224 0.1970
48.6795 0.0472
8.2924 0.0911
15.4824 0.1241
0.5866 0.2257
67.7559 0.0168
5.4256 0.0672
0.1546 0.2581
0.7255 0.1942
27.0591 0.0180
0.1710 0.2814
36.5592 0.0141
75.5548 0.0171
2.1588 0.0996
11.1121 0.1217
3.8638 0.1649
5.5371 0.1394
8.3437 0.0523
0.0192 0.3094
0.1096 0.2207
10.3022 0.1105
0.0281 0.2927
3.0322 0.1919
10.6811 0.1196
6.4321 0.1165
0.3401 0.2118
3.8822 0.0964
14.9797 0.1040
1.0443 0.2075
1.3309 0.1302
6.8009 0.1125
0.5983 0.1423
6.4696 0.0972
1.6547 0.1980
18.8721 0.0467
3.8287 0.1451
4.1962 0.1409
15.3107 0.0856
3.0286 0.1794
2.6094 0.1701
22.8472 0.0975
0.0263 0.2704
0.1012 0.2319
2.5804 0.1686
0.7201 0.2253
17.9845 0.0612
13.1267 0.0573
1.3603 0.2110
1.7686 0.1114
1.8028 0.1150
2.2302 0.2016
1.7362 0.1792
13.5956 0.0790
7.2206 0.1036
0.2343 0.1910
0.6992 0.1966
8.0015 0.1103
37.7519 0.0115
0.8779 0.1597
1.1430 0.2238
33.8611 0.0600
0.1820 0.2532
0.3274 0.1918
0.3479 0.2473
0.1562 0.2461
0.0929 0.2346
6.1525 0.1545
7.6127 0.0930
2.3658 0.1239
0.6034 0.1776
2.6540 0.1464
8.2603 0.1205
0.1350 0.2223
0.6134 0.1697
0.4559 0.1532
6.8308 0.0883
3.4366 0.1712
1.9796 0.1294
2.6210 0.1690
18.2013 0.1031
20.2567 0.0932
7.1293 0.1219
1.9762 0.1848
0.4847 0.2179
1.2790 0.1777
14.3513 0.1235
3.3597 0.1114
0.0226 0.2861
3.9583 0.1452
4.6290 0.1517
2.7407 0.1393
7.6476 0.0981
4.2710 0.1407
0.8768 0.1507
0.0118 0.3368
5.3590 0.1363
3.2034 0.1695
0.8081 0.1962
0.2825 0.1784
3.1302 0.0750
0.2681 0.1771
0.0315 0.2689
0.0456 0.2846
0.5568 0.1587
0.6914 0.2280
2.2103 0.1400
10.8055 0.1062
2.2080 0.1701
63.9776 0.0055
14.5204 0.0935
17.7555 0.0302
0.0365 0.3101
5.5784 0.1085
3.8073 0.0811
9.5006 0.1030
10.5385 0.0998
1.6611 0.1350
0.7078 0.1506
0.0524 0.2169
9.7364 0.1503
1.5392 0.1798
0.7060 0.2098
78.3903 0.0103
0.0067 0.2787
0.2062 0.2539
0.1041 0.2763
15.1205 0.0300
1.3678 0.1884
0.1383 0.2496
5.2121 0.1345
63.8505 0.0175
23.2728 0.0493
0.2211 0.2489
79.5652 0.0298
1.8175 0.1582
5.0338 0.0843
3.2705 0.1753
13.9285 0.1187
4.8795 0.1565
11.3328 0.0971
0.3746 0.2234
2.3903 0.1543
4.9539 0.1765
0.1971 0.2279
0.2263 0.2266
35.1105 0.0150
6.3045 0.1648
2.5183 0.1492
0.5870 0.2212
9.9649 0.1413
0.0053 0.3172
29.9032 0.0257
2.5242 0.1652
15.5930 0.1401
1.8694 0.1328
0.0220 0.2455
6.5816 0.1246
8.2776 0.1444
1.6177 0.1926
2.5143 0.1203
2.3423 0.1526
0.6536 0.1975
3.7272 0.1789
5.2837 0.1532
14.7017 0.0313
16.4929 0.1074
51.3320 0.0249
6.3898 0.1335
57.1987 0.0180
3.7888 0.1880
4.8154 0.1274
1.4976 0.1389
5.2213 0.0429
0.7727 0.1449
1.9200 0.1930
5.8231 0.1175
0.3918 0.1549
0.0863 0.2161
2.0127 0.1772
20.8813 0.0237
4.0760 0.1691
3.5458 0.1343
0.0512 0.2978
3.6792 0.1381
1.1360 0.1968
15.2644 0.1154
5.1436 0.1295
4.1522 0.1624
2.0649 0.1887
3.8886 0.1422
6.4717 0.1557
0.0022 0.3577
0.9909 0.2192
1.0534 0.2249
1.6596 0.1901
7.2467 0.1514
3.4906 0.1409
5.6826 0.1211
0.0799 0.2765
0.1576 0.2522
0.0481 0.2395
0.0167 0.2856
0.5333 0.2272
8.4292 0.1072
0.0746 0.2581
1.2421 0.2174
3.5008 0.1938
25.2209 0.0373
1.0256 0.1683
1.8736 0.1657
41.5529 0.4360
0.3345 0.1879
3.2178 0.1496
0.8445 0.1681
5.3794 0.1635
20.7558 0.0808
0.2847 0.2375
7.1246 0.1568
32.8675 0.0594
0.3900 0.2381
14.1127 0.1006
7.1237 0.1518
0.6416 0.1878
0.8523 0.1572
6.1851 0.1616
0.2551 0.2467
1.5216 0.1856
2.2037 0.1648
6.4860 0.1309
1.3114 0.1805
18.9226 0.0515
8.9987 0.1154
1.1297 0.1592
10.4657 0.1253
4.6154 0.1870
2.2512 0.1399
6.4477 0.1246
2.6721 0.1103
8.6749 0.1181
1.2402 0.1202
1.3185 0.2183
0.0229 0.2965
0.2263 0.1852
0.2726 0.2390
10.2847 0.0992
0.1010 0.2415
0.2124 0.2115
3.7832 0.1826
0.8565 0.1927
0.3408 0.2369
4.7313 0.1504
0.7957 0.2038
3.7019 0.1561
0.0657 0.2228
1.0423 0.1956
1.4872 0.1815
0.6251 0.2102
12.8261 0.0713
0.0473 0.2823
0.0847 0.2584
0.0537 0.2451
0.2277 0.1993
1.9995 0.1738
0.0878 0.2563
0.2518 0.2303
6.9527 0.1177
4.3731 0.1844
1.3030 0.1860
3.6779 0.1258
0.4242 0.2315
2.6272 0.1610
7.7434 0.1316
1.2735 0.2875
9.0750 0.0417
5.1661 0.1216
0.4933 0.2315
0.1799 0.2748
1.0572 0.1667
0.4647 0.2329
19.5842 0.1100
4.5497 0.1360
10.0017 0.1121
0.9101 0.1918
8.2798 0.1489
30.9511 0.0493
0.0306 0.2903
0.3157 0.2301
0.5992 0.2362
0.5321 0.2311
0.0295 0.3128
0.1186 0.2339
0.0331 0.2950
60.5586 0.0105
66.1019 0.0221
73.0631 0.0159
3.4141 0.1467
5.7994 0.1021
5.3912 0.1195
0.1216 0.2704
0.6108 0.1585
10.6249 0.1076
0.3057 0.2001
2.3083 0.1065
11.2202 0.1051
0.2467 0.2051
0.2929 0.2052
2.1916 0.1668
0.4562 0.1880
7.7352 0.1071
0.1921 0.1945
0.0180 0.3128
3.1426 0.1646
8.4281 0.1256
52.3413 0.0559
0.1175 0.2547
3.6843 0.1540
7.8412 0.1202
10.1818 0.1443
0.2746 0.2392
70.4139 0.0199
8.2413 0.0952
0.0708 0.2759
14.1932 0.0921
0.0661 0.2604
1.1744 0.2282
2.0811 0.1688
0.9780 0.1819
6.8537 0.1436
23.6969 0.0114
4.1232 0.1266
1.1453 0.2238
4.7462 0.1455
17.9323 0.0638
3.8969 0.1693
0.4058 0.2470
72.3228 0.0228
0.2069 0.2482
3.1555 0.1410
0.0186 0.2982
81.5466 0.0121
7.7655 0.1343
18.0989 0.0794
1.3510 0.1646
9.7886 0.0577
10.5554 0.1530
39.5212 0.0710
0.0023 0.3414
4.7371 0.1367
3.7299 0.1427
6.5201 0.1111
0.2966 0.2206
0.0423 0.2757
2.7133 0.1523
9.0966 0.1234
3.5371 0.1529
0.6697 0.1911
3.4787 0.1495
0.0171 0.2961
0.1119 0.2100
0.5215 0.1994
2.8723 0.1304
10.4041 0.1191
3.3435 0.1938
2.6018 0.0963
0.1262 0.2362
0.0313 0.2478
1.5948 0.1996
35.0333 0.0158
0.5463 0.2243
5.4729 0.1441
0.2801 0.2223
5.3121 0.1199
8.4089 0.1552
4.2450 0.1353
1.0792 0.2031
10.6051 0.0560
0.0138 0.2861
0.8440 0.1737
0.2375 0.1899
13.0030 0.0535
0.4562 0.1787
12.6052 0.0685
0.2918 0.2343
2.6812 0.1572
46.3650 0.0205
2.2645 0.1625
0.0404 0.2587
1.4499 0.2011
8.5048 0.0335
0.0510 0.2511
0.4127 0.2050
13.8797 0.1196
0.7473 0.1120
2.8743 0.1753
3.6325 0.1335
1.1236 0.1527
0.2008 0.2222
8.9658 0.1110
0.1983 0.2366
0.0455 0.2766
3.4042 0.1156
9.5413 0.1326
63.4106 0.0275
0.0868 0.2802
83.0771 0.0057
0.7018 0.1965
6.1264 0.0714
1.5048 0.1931
0.2563 0.2643
9.0568 0.1176
8.4800 0.0886
0.1444 0.2880
3.8265 0.1508
5.8403 0.1589
6.3744 0.1365
5.5497 0.1615
0.0131 0.3021
1.3761 0.1690
14.8749 0.0962
4.4807 0.1670
5.8680 0.3624
11.0087 0.1098
0.0235 0.2737
3.1768 0.1446
41.9370 0.0252
1.0620 0.1598
6.1509 0.1394
0.3614 0.2193
0.0019 0.3074
64.8671 0.0366
0.0240 0.2686
9.7065 0.1473
15.3134 0.0563
8.3110 0.0838
0.1234 0.2052
0.1899 0.1926
1.3774 0.1691
0.0844 0.2401
2.2526 0.1785
0.5003 0.2049
12.8092 0.1012
0.5952 0.2083
0.6289 0.1777
5.1071 0.1238
0.2517 0.2437
5.4409 0.1580
27.1610 0.0391
2.7354 0.1561
2.6678 0.1933
2.2977 0.1531
54.1855 0.0325
10.6838 0.0663
0.2337 0.2584
0.4421 0.2431
0.2743 0.1987
59.1819 0.0083
0.0421 0.2610
24.7001 0.0874
0.0226 0.2847
0.1466 0.2486
6.5673 0.0945
2.1418 0.1493
1.4641 0.1876
0.0260 0.2738
5.7009 0.0408
0.0067 0.3193
1.0415 0.1725
38.4304 0.0427
4.5649 0.0573
49.2078 0.0251
8.8315 0.0592
0.0724 0.2533
0.3827 0.1448
0.0040 0.3359
0.1173 0.2684
1.8154 0.1263
0.2131 0.1822
0.9180 0.2131
1.5492 0.1889
5.4113 0.1295
0.1472 0.2401
3.3191 0.1486
43.0802 0.0347
1.6231 0.1951
2.5790 0.1878
0.0573 0.2831
59.3004 0.0443
9.5675 0.1142
3.7667 0.1152
30.0053 0.0207
2.4735 0.1514
0.3448 0.2476
0.0141 0.2995
4.2127 0.1223
3.9038 0.1490
1.6577 0.1508
2.6282 0.1397
0.5571 0.1833
5.5214 0.1062
0.0401 0.2645
0.4350 0.2424
3.1752 0.1618
3.9939 0.1571
3.2426 0.1119
25.8147 0.0802
0.1002 0.2665
0.1928 0.1650
4.5306 0.0774
0.1423 0.1989
0.6159 0.1906
0.1394 0.2132
0.0588 0.3168
20.1154 0.0758
5.0912 0.1288
0.5389 0.2017
0.4236 0.2257
8.0846 0.1189
1.5441 0.1971
3.0922 0.1585
0.0250 0.3081
9.4533 0.1201
4.1456 0.1602
3.5761 0.1570
1.5132 0.2254
0.2494 0.2472
13.7881 0.1201
14.4275 0.1075
0.6567 0.1791
12.6130 0.1268
0.7950 0.1767
13.1753 0.1096
21.5281 0.0407
0.1573 0.2246
9.1950 0.0396
6.7637 0.1438
3.1209 0.1445
3.7200 0.1355
0.6805 0.3074
2.4538 0.1520
1.5994 0.1890
9.2495 0.1134
0.0851 0.2151
0.0040 0.3051
71.5143 0.0120
3.2381 0.1739
68.4315 0.0305
9.2935 0.0680
5.4342 0.1478
9.9424 0.1209
8.5558 0.1471
5.6588 0.1250
7.6910 0.0784
7.9068 0.1248
8.2738 0.0797
20.3258 0.0739
6.4919 0.1041
0.7263 0.1599
0.4371 0.2094
0.1912 0.2387
2.9317 0.1791
10.8496 0.0918
0.2025 0.2380
8.4234 0.1232
4.9407 0.1779
0.0597 0.2720
2.1733 0.1639
73.7598 0.0065
11.5107 0.1040
0.4053 0.2400
2.3234 0.1716
0.0876 0.2278
16.1974 0.1192
1.9327 0.2033
20.7449 0.0964
0.0226 0.2816
15.4135 0.1273
8.2008 0.1343
0.0145 0.3077
12.8726 0.1171
4.3565 0.1189
3.7172 0.1689
0.4188 0.1554
0.1341 0.2450
4.7567 0.1253
36.6845 0.0297
8.4755 0.0955
0.4959 0.1628
7.6896 0.1408
5.7144 0.1502
6.7399 0.0926
0.0258 0.2676
0.0577 0.2667
1.1984 0.2099
3.0039 0.1238
0.3165 0.2452
28.1109 0.0184
0.0024 0.3252
7.7176 0.1309
0.1835 0.2258
2.0110 0.1824
0.0179 0.2885
6.0907 0.0850
0.1276 0.2459
0.6256 0.2304
2.7477 0.1053
0.0426 0.2757
0.0064 0.2949
9.0805 0.1631
0.3580 0.2239
0.5656 0.1686
15.4839 0.1152
8.5867 0.1325
7.6975 0.1502
40.8036 0.0191
1.1746 0.1928
0.7624 0.1433
8.2530 0.1370
0.8677 0.1636
0.0915 0.2530
14.7245 0.0839
0.2849 0.1978
12.2301 0.1301
0.0267 0.2728
1.1975 0.1848
0.1489 0.2455
6.9903 0.1333
11.6324 0.1067
0.0427 0.2452
3.5425 0.1320
10.3016 0.1170
0.5195 0.2075
4.8031 0.0000
0.6841 0.2042
3.1309 0.1704
7.3814 0.1500
7.1981 0.1495
22.5263 0.0736
22.9380 0.0198
0.2204 0.2129
5.5637 0.0991
38.5792 0.0535
0.3817 0.2120
0.0494 0.2560
17.3700 0.1270
27.0784 0.0692
12.7500 0.1238
7.9636 0.1438
4.7372 0.1322
27.9681 0.0672
1.4442 0.1892
0.0721 0.2508
27.7786 0.0247
17.0189 0.0318
22.0212 0.0445
7.9105 0.1460
76.0682 0.0026
3.3253 0.1570
5.5054 0.1257
8.8963 0.1273
8.9383 0.1134
20.0050 0.0344
0.0260 0.2551
0.0524 0.2450
0.3682 0.1874
1.1992 0.1636
0.4619 0.1708
22.7600 0.0757
6.3955 0.0611
14.7849 0.0483
4.5485 0.0909
2.3728 0.1761
76.1974 0.0106
12.1944 0.1061
5.0861 0.1409
23.6646 0.0905
0.4149 0.1938
37.2651 0.0500
7.8061 0.1125
0.0336 0.2599
0.5724 0.2205
0.1796 0.2403
0.0818 0.2684
1.0952 0.1975
4.2781 0.1252
11.1569 0.0948
0.1003 0.2519
15.3121 0.1142
4.0644 0.1736
15.7057 0.1110
20.5032 0.0313
9.3477 0.1198
18.6893 0.0579
3.8002 0.1321
0.0239 0.2817
0.1759 0.2257
3.1222 0.1542
0.7885 0.2284
2.0495 0.1792
0.1485 0.2553
0.2924 0.2398
17.7652 0.0781
2.9950 0.1322
0.0646 0.2746
0.3822 0.2129
0.8148 0.1781
3.4604 0.1547
13.8290 0.1089
0.0095 0.2817
0.2515 0.2436
0.1362 0.2770
2.8173 0.1617
18.2652 0.1146
14.8372 0.0999
4.6370 0.1553
2.9651 0.1270
21.7302 0.0740
2.6295 0.1569
16.2046 0.0837
2.9945 0.1626
17.0898 0.0930
1.6451 0.1641
3.1611 0.1478
8.4541 0.1091
0.0515 0.2853
2.5526 0.1897
12.9123 0.1112
16.9548 0.0998
8.6322 0.1409
7.9064 0.1205
32.6110 0.0216
1.1122 0.1851
1.3872 0.1152
0.1668 0.2474
0.1204 0.2142
4.3123 0.0224
67.7768 0.0146
65.8888 0.0215
4.3883 0.1255
1.7877 0.2005
17.1776 0.1134
16.7655 0.0879
0.1624 0.2054
2.7702 0.1612
8.2762 0.1253
9.2117 0.0720
4.9002 0.0851
15.3819 0.0463
14.2905 0.1391
0.0022 0.3461
1.7496 0.1187
3.8785 0.1644
23.8665 0.0395
10.4491 0.1028
0.4252 0.2075
0.7700 0.1896
1.8875 0.1586
0.6170 0.2359
0.6456 0.2171
13.4225 0.1167
5.3963 0.1815
3.2546 0.1803
0.1345 0.2633
1.1301 0.2128
1.6851 0.1510
11.0597 0.1500
8.9429 0.0437
2.5332 0.2079
0.0359 0.2905
0.2134 0.2488
1.8947 0.1858
0.0196 0.2612
1.0504 0.1935
53.9648 0.0125
0.4337 0.1881
0.5833 0.1758
6.5786 0.0788
4.8703 0.1252
9.5736 0.1071
61.0056 0.0295
0.1546 0.2722
6.1988 0.0383
51.9585 0.0296
69.0828 0.0218
8.8617 0.1391
0.0648 0.2547
13.5037 0.1022
1.4070 0.1951
0.2263 0.2464
5.8519 0.1391
1.3127 0.1818
1.4120 0.1857
1.0202 0.1596
14.2869 0.0475
0.3483 0.2529
17.5930 0.0537
0.0147 0.3118
6.3922 0.1438
18.1238 0.1012
0.3052 0.1861
1.3056 0.2112
0.0563 0.2581
4.4093 0.1332
14.0599 0.1066
19.1123 0.0571
11.2231 0.1215
0.2475 0.2280
0.9672 0.2212
0.5763 0.1860
1.5837 0.0629
0.1810 0.2165
0.8483 0.1867
16.2413 0.0924
2.1051 0.1269
1.6386 0.1943
12.7748 0.1102
0.6679 0.2303
1.1991 0.1821
0.4072 0.2063
17.5978 0.0267
1.0989 0.1494
5.1745 0.1262
0.9133 0.2111
3.9283 0.1515
4.8275 0.1251
2.5223 0.1684
3.2165 0.1782
1.9466 0.1427
0.0412 0.2953
0.2792 0.2441
3.4584 0.1926
14.2825 0.1037
5.7234 0.1051
5.3178 0.1667
0.5366 0.2246
0.3342 0.2982
0.0271 0.3106
1.4651 0.1990
4.5240 0.1443
13.7955 0.1350
0.6198 0.2013
8.8690 0.1554
0.7935 0.2085
17.7731 0.0736
1.5421 0.2022
9.0084 0.0897
0.2880 0.2425
1.1639 0.2045
1.3594 0.1839
4.4272 0.1641
6.9966 0.1493
1.0384 0.2015
1.4347 0.1901
13.9764 0.0948
0.4010 0.2278
5.8095 0.0730
26.4943 0.0166
0.7960 0.1612
3.3625 0.1893
12.8256 0.1375
2.6444 0.1758
1.0267 0.2086
0.5972 0.2249
3.0404 0.1737
13.7409 0.1248
7.5131 0.1132
4.5118 0.1359
16.3830 0.1023
8.3617 0.1067
0.2489 0.2317
11.1577 0.0851
0.2486 0.2283
7.3326 0.1827
4.3671 0.1540
2.7248 0.1639
13.8778 0.1019
0.2387 0.2501
3.1575 0.1935
21.0146 0.1003
0.2003 0.2697
2.8653 0.1790
2.4677 0.1682
4.3748 0.1453
5.0820 0.0917
5.4820 0.1358
3.0363 0.1332
64.1961 0.0350
0.2296 0.2265
78.7505 0.0115
2.6761 0.1733
6.9313 0.0792
12.1136 0.1087
5.9647 0.1499
17.6949 0.0628
0.3062 0.2516
9.3735 0.1237
9.5249 0.0810
8.4573 0.1276
5.9109 0.1138
8.3766 0.1233
1.5323 0.1212
4.8053 0.1320
1.0609 0.1702
7.0739 0.1287
5.1486 0.1539
0.7734 0.1847
13.0521 0.0912
10.1624 0.0868
12.2783 0.0849
0.4927 0.2156
16.9787 0.1087
0.0148 0.3343
31.5685 0.0566
0.4017 0.2093
0.0507 0.2614
0.4723 0.2482
5.4461 0.1689
7.0597 0.1097
1.6836 0.1981
7.8131 0.0893
4.6818 0.1692
11.0625 0.1211
0.4093 0.2326
3.9510 0.1516
6.1658 0.1212
19.6895 0.1041
33.6952 0.0495
1.2345 0.1977
1.6392 0.1991
17.8943 0.0550
14.0532 0.0336
9.0724 0.1151
1.0632 0.1727
9.2452 0.1371
1.2130 0.1716
0.0640 0.2764
14.9498 0.1062
1.1579 0.1909
0.2618 0.1900
0.1592 0.2423
57.9320 0.0237
61.1728 0.0275
59.8205 0.0250
2.5206 0.1300
6.2167 0.1055
13.2158 0.1382
13.2163 0.0898
13.5073 0.1460
2.6910 0.1419
76.6978 0.0089
6.2833 0.1368
7.5760 0.0895
5.0519 0.1420
1.5589 0.2195
12.8235 0.1098
5.7036 0.1430
1.3172 0.1949
14.5421 0.1233
5.2191 0.1180
0.3836 0.2177
1.2850 0.1829
15.1373 0.0743
77.9241 0.0093
8.5708 0.1273
9.4948 0.1056
1.0542 0.1930
8.8978 0.1302
0.7061 0.1914
3.1744 0.1535
3.3766 0.1493
32.8829 0.0198
0.4666 0.2176
4.9134 0.1542
5.4043 0.1413
6.6869 0.1247
0.3166 0.2515
32.7212 0.0304
66.3060 0.0121
11.3772 0.1241
9.3620 0.0887
5.8382 0.1419
0.5305 0.2073
0.1911 0.2285
9.2969 0.0646
2.5590 0.1322
1.3616 0.1953
1.5933 0.1782
4.1127 0.1730
0.3032 0.2042
0.1169 0.2548
0.0223 0.3070
7.7782 0.0778
22.4972 0.0284
0.0011 0.3211
2.4123 0.1714
0.6945 0.2061
0.1385 0.2871
1.8523 0.1436
4.0952 0.1478
0.2542 0.2326
56.5109 0.0298
7.7071 0.1192
0.0443 0.2505
32.6293 0.0604
2.5168 0.1891
2.2174 0.2009
0.1284 0.2400
1.2990 0.2176
0.3887 0.1837
0.2878 0.2293
6.2212 0.1212
0.1005 0.2561
2.3483 0.1539
5.2908 0.1015
0.4889 0.2116
10.6638 0.0989
3.4554 0.1560
6.3174 0.0765
19.5425 0.0795
0.0349 0.2831
0.2728 0.1703
0.8589 0.1965
12.3117 0.0723
3.9682 0.1365
13.9709 0.0970
2.4580 0.1513
4.4436 0.1389
1.2870 0.1887
14.1146 0.0800
0.0242 0.2947
0.8778 0.1904
1.4463 0.1591
10.0664 0.0237
0.0073 0.3446
1.8595 0.1787
0.1573 0.2029
0.9499 0.2088
6.1713 0.1478
0.1157 0.2511
1.9731 0.1269
0.0281 0.2846
0.0746 0.2667
5.6370 0.1395
5.9483 0.1495
0.0701 0.2894
0.1771 0.2303
6.8240 0.0835
3.9005 0.1055
4.1164 0.1571
13.7496 0.0852
2.6129 0.1887
3.8773 0.1529
3.5933 0.1217
1.9794 0.1663
0.0429 0.2852
29.7725 0.0324
0.7759 0.1638
0.1302 0.2499
0.0239 0.2845
1.5196 0.1465
3.4609 0.1581
0.1988 0.2245
3.2201 0.1425
0.1668 0.2465
6.7228 0.1689
0.2135 0.2371
23.3426 0.0352
2.3027 0.1461
0.5527 0.2112
4.1564 0.1688
6.0372 0.1105
31.0114 0.0652
1.2233 0.1889
0.1354 0.2351
6.1369 0.1418
11.8039 0.1118
0.6871 0.2140
0.0483 0.3016
2.4176 0.1556
0.0108 0.3088
0.2429 0.2151
6.6653 0.1145
6.1179 0.1005
38.8918 0.0240
8.5613 0.1033
1.0550 0.1733
0.9009 0.1040
1.5151 0.1714
3.2116 0.0488
16.4752 0.1111
23.6964 0.0302
2.5347 0.1317
0.6114 0.2109
2.8775 0.1499
17.0121 0.0840
3.1171 0.1809
8.3842 0.1308
1.1761 0.1948
0.6867 0.2099
0.2307 0.2280
1.5689 0.1314
1.5577 0.1669
14.2112 0.1110
7.9296 0.1225
19.2943 0.0995
84.9823 0.0194
0.9043 0.2337
7.5477 0.1057
2.1280 0.1571
0.4102 0.1986
1.6885 0.1646
0.4525 0.1813
16.4874 0.1365
13.5943 0.0934
0.4701 0.2031
0.1738 0.2706
0.1045 0.2265
0.0431 0.2411
10.5193 0.0732
3.2858 0.0760
2.4449 0.1753
0.8011 0.2321
4.1251 0.1076
0.0782 0.2314
13.2476 0.1096
22.3724 0.0882
2.8870 0.1747
0.2645 0.1904
1.6438 0.1557
2.5615 0.1296
0.2605 0.1754
0.0169 0.3104
21.1483 0.0522
67.7041 0.0269
74.7223 0.0202
0.2325 0.2322
4.8125 0.1243
2.7115 0.1546
0.0026 0.3239
14.5313 0.1393
9.7090 0.1174
0.7655 0.2154
0.1902 0.2177
0.3834 0.2249
0.0672 0.2052
0.1057 0.2575
0.1871 0.1767
0.2797 0.2321
1.5796 0.2156
0.5252 0.2215
2.3302 0.1615
12.9025 0.1106
0.5359 0.2093
2.3582 0.2025
0.8888 0.2076
8.8754 0.0744
0.1422 0.2294
5.4850 0.1352
43.4842 0.0226
13.1399 0.1254
33.4299 0.0322
1.4600 0.1850
1.8597 0.1628
1.3548 0.1893
2.9565 0.1817
6.6516 0.1136
0.2144 0.2181
0.0151 0.3127
10.0666 0.1092
3.1609 0.1257
0.4901 0.2102
0.0101 0.3067
0.0157 0.2499
84.7521 0.0191
3.3586 0.2456
4.8948 0.0632
82.6292 0.0115
0.6917 0.2185
8.4176 0.0975
20.2348 0.0587
0.3274 0.2309
1.9824 0.1806
0.3246 0.2273
5.7906 0.1273
27.8247 0.0321
8.9174 0.0695
6.0476 0.1186
17.8692 0.1042
4.4396 0.1361
78.9872 0.0168
0.0488 0.2665
2.9603 0.1134
1.8468 0.2109
17.8650 0.1658
13.4384 0.1094
10.1523 0.0781
1.0780 0.1180
6.1748 0.1420
3.7574 0.1347
3.1012 0.0655
0.0494 0.2362
3.7873 0.1368
0.3047 0.2401
2.6137 0.1855
1.0764 0.2003
9.4297 0.0811
0.7897 0.1916
8.6864 0.1485
14.7110 0.0839
10.2622 0.1069
2.8387 0.1718
1.2902 0.1555
1.3798 0.1416
18.2081 0.0754
4.1812 0.1458
10.4801 0.1160
0.1552 0.2392
30.1728 0.0283
0.8343 0.1920
3.9031 0.1450
1.8617 0.2272
7.1046 0.0628
0.0656 0.2720
2.9605 0.1478
7.3915 0.1194
8.4722 0.1180
0.1803 0.2553
3.8629 0.1567
7.4313 0.1111
27.1105 0.0630
0.2563 0.2214
0.0019 0.3054
82.0596 0.0085
77.1725 0.0060
12.6844 0.0560
3.3428 0.1563
6.3525 0.1381
0.9263 0.2056
0.7564 0.1987
0.5507 0.2351
9.4754 0.1441
4.4311 0.1804
9.4165 0.0984
5.0027 0.0418
2.2721 0.1499
2.8497 0.1437
0.5635 0.1941
82.7652 0.0081
18.7337 0.1250
2.1163 0.1813
2.5669 0.1960
0.0682 0.2710
0.1075 0.2658
1.1754 0.1895
0.2852 0.2270
0.1218 0.2274
1.5531 0.2262
2.7867 0.1241
0.7763 0.2015
78.7781 0.0067
1.3849 0.1305
0.0094 0.3134
1.9115 0.1924
6.3168 0.1170
0.0892 0.2003
1.7632 0.2044
0.2979 0.2553
0.1310 0.2799
1.0389 0.1732
0.9989 0.2107
0.0398 0.2685
0.1419 0.2423
0.8576 0.2027
7.3546 0.0944
5.3994 0.1347
4.1523 0.1536
0.8074 0.1402
2.3581 0.1968
0.3615 0.2433
6.6561 0.1031
3.3124 0.1267
1.1686 0.1709
8.7989 0.1346
0.0359 0.2752
4.0938 0.1827
19.9685 0.0456
0.8175 0.1959
1.2518 0.1851
10.7934 0.1524
16.2102 0.1096
3.5332 0.1532
0.1942 0.2043
2.4974 0.1276
12.4483 0.1534
3.2861 0.1660
1.2877 0.1908
11.4037 0.1041
0.5488 0.2317
12.2349 0.0941
11.7649 0.0905
1.5608 0.1951
2.2893 0.1270
1.9872 0.2059
34.2525 0.0289
4.3131 0.1034
1.9652 0.1499
0.0790 0.2732
5.0778 0.1450
40.7922 0.0371
28.3199 0.0577
12.3143 0.1112
3.9583 0.1797
12.9896 0.1053
6.5113 0.1234
7.9253 0.0949
16.1105 0.1105
4.4103 0.1426
2.4195 0.0832
0.0108 0.2840
6.7990 0.1396
8.0420 0.1332
0.6304 0.2115
0.3641 0.1789
2.4736 0.1182
6.1317 0.1535
1.9738 0.1525
27.9420 0.0680
65.1572 0.0259
0.4156 0.2298
0.0946 0.2496
6.0275 0.0631
9.3585 0.1253
2.8980 0.2031
0.0636 0.2845
6.0981 0.0962
0.1447 0.2031
7.0642 0.1265
75.0715 0.0136
3.0979 0.1328
3.9758 0.1788
1.1642 0.1731
10.1891 0.1035
13.0839 0.0897
3.1206 0.1483
8.1878 0.1047
4.0923 0.1654
4.5095 0.1114
0.0073 0.2947
79.7130 0.0127
17.4211 0.0931
1.2014 0.2128
8.4574 0.0996
38.9939 0.0376
11.2147 0.1452
6.6078 0.0805
8.5379 0.1306
0.0108 0.2989
82.4354 0.0074
6.6048 0.1150
23.4886 0.0755
1.8869 0.1901
2.8858 0.1669
49.2054 0.0222
65.3942 0.0058
84.0596 0.0120
44.6656 0.0035
0.7425 0.2057
0.6440 0.1733
18.2614 0.0935
0.0807 0.2388
4.8643 0.1076
0.1940 0.2380
83.4786 0.0043
6.5678 0.0727
2.6038 0.1203
2.6782 0.1224
3.3601 0.1365
1.9651 0.1758
13.1070 0.1109
0.0110 0.3079
79.7593 0.0181
13.3718 0.1292
0.0267 0.2322
8.2902 0.1481
23.9572 0.1037
9.7250 0.0818
11.5497 0.1420
0.3790 0.1991
0.3902 0.2051
0.1953 0.2671
0.1044 0.2588
24.4059 0.0215
2.4576 0.1717
52.5092 0.0249
12.2473 0.0854
15.1034 0.0974
54.4480 0.0395
6.8085 0.1007
10.7182 0.1208
6.7272 0.1692
1.1380 0.1895
5.3755 0.1499
0.0220 0.3028
10.8179 0.1339
81.5168 0.0140
15.6281 0.1139
2.4287 0.1655
9.3734 0.0635
13.1838 0.1063
0.2185 0.1971
8.1381 0.1366
1.8486 0.1341
66.4389 0.0259
11.6860 0.0774
3.4609 0.1471
5.7106 0.1239
0.2478 0.1977
6.2876 0.1100
19.5467 0.0464
10.2084 0.0812
56.4034 0.0498
0.2603 0.2020
6.0516 0.1378
1.6478 0.1659
3.2523 0.1220
0.1747 0.2758
6.7772 0.1479
6.4522 0.1127
10.8793 0.0725
3.7864 0.1360
0.0292 0.2415
10.3733 0.1124
69.9161 0.0233
2.4735 0.1941
1.9637 0.2089
9.9865 0.1085
1.3347 0.1808
0.0219 0.2767
1.9297 0.1591
22.1966 0.0085
0.9496 0.2128
0.2374 0.1888
0.0487 0.2843
2.8237 0.0438
0.0321 0.2971
4.3686 0.1351
1.3626 0.1633
12.1103 0.0899
0.1346 0.2488
8.4847 0.1250
3.1889 0.1662
3.4830 0.1250
3.4412 0.1517
1.6590 0.2080
3.4236 0.1600
0.5548 0.1913
4.7008 0.1450
6.1277 0.1526
0.4043 0.2425
2.1353 0.0899
10.7897 0.0672
3.3117 0.0510
4.0206 0.1305
2.2425 0.1350
0.9196 0.1881
1.4542 0.1718
1.0634 0.0660
64.8719 0.0060
1.6692 0.2071
4.3331 0.1110
0.0293 0.2632
5.3059 0.0503
2.9606 0.1674
4.6889 0.1103
0.0855 0.2414
0.2916 0.1991
7.4260 0.1251
2.1770 0.0977
0.6618 0.2068
13.2501 0.0896
14.8177 0.0739
0.8920 0.1680
9.1053 0.0327
0.3165 0.2083
13.0861 0.0813
1.9159 0.1959
10.6812 0.0826
0.0400 0.2898
0.0207 0.2885
12.1132 0.1039
0.5415 0.2260
0.2061 0.2506
12.0404 0.0658
1.8480 0.1814
38.3941 0.0484
1.3674 0.2244
10.5473 0.1042
9.7582 0.0930
0.8991 0.1337
0.4619 0.2145
0.0823 0.2609
46.8740 0.0370
66.5651 0.0168
11.5325 0.1269
6.8795 0.1269
2.7659 0.1230
82.9027 0.0157
7.5624 0.1608
5.3560 0.0906
0.5387 0.2059
6.6573 0.1091
2.9871 0.1859
6.4198 0.1467
6.1184 0.1083
38.0629 0.0200
7.0508 0.1434
2.7715 0.1510
6.3366 0.1468
5.3411 0.1013
8.6373 0.1483
24.7368 0.0926
0.0245 0.3028
0.0481 0.2770
2.1846 0.1767
29.3578 0.0509
0.1190 0.2549
2.1755 0.1618
1.1189 0.1512
0.7566 0.1248
5.7507 0.1060
14.7848 0.1478
0.0498 0.2707
76.3177 0.0194
0.0711 0.2529
12.1477 0.1124
0.7693 0.1665
1.5950 0.1485
3.1677 0.1467
15.3299 0.0708
0.8837 0.1769
0.5046 0.2176
12.1617 0.0897
5.3857 0.0955
4.8715 0.1484
79.0849 0.0040
1.7834 0.1653
9.1405 0.0628
0.6307 0.1638
2.7228 0.1818
7.3292 0.1287
0.0872 0.2488
8.4908 0.1111
0.1002 0.2458
3.5061 0.1767
3.2665 0.1688
0.1828 0.2098
0.5243 0.1964
24.5725 0.0887
5.5780 0.1128
4.6801 0.1255
2.3328 0.1324
3.6075 0.1353
16.1061 0.0764
0.9896 0.1886
0.4494 0.1788
17.1282 0.1101
0.1274 0.2256
19.6249 0.0832
1.0768 0.1402
0.0760 0.2084
9.6690 0.1270
5.4081 0.1534
11.8023 0.1022
2.2560 0.1954
1.8400 0.1469
2.8979 0.1155
9.8055 0.0977
8.0900 0.1484
0.6338 0.2265
5.3071 0.1328
10.7956 0.1106
0.0132 0.2815
0.8494 0.1606
7.4128 0.1152
17.4378 0.0710
6.2463 0.0953
0.5818 0.1895
0.4937 0.1830
3.4666 0.0600
11.2488 0.0581
0.0179 0.2766
0.0865 0.2536
5.1421 0.1342
0.1767 0.2130
3.8048 0.1257
6.2034 0.1455
16.3860 0.1087
6.0452 0.1212
2.5066 0.1682
2.3877 0.2058
1.2119 0.1889
0.6796 0.2260
1.7209 0.1475
9.3575 0.1221
