1	1	0
2	1	0
3	2	0
4	2	0
5	1	0
6	1	0
7	2	0
8	2	0
9	2	0
10	1	0
11	1	0
12	1	0
13	1	0
14	1	0
15	1	0
16	2	0
17	2	0
18	2	0
19	1	0
20	1	0
21	2	0
22	2	0
23	2	0
24	1	0
25	2	0
26	1	0
27	1	0
28	1	0
29	2	0
30	1	0
31	2	0
32	2	0
33	1	0
34	2	0
35	1	0
36	2	0
37	1	0
38	2	0
39	2	0
40	1	0
41	1	0
42	1	0
43	1	0
44	1	0
45	1	0
46	2	0
47	1	0
48	1	0
49	1	0
50	1	0
51	2	0
52	1	0
53	1	0
54	1	0
55	2	0
56	2	0
57	1	0
58	1	0
59	1	0
60	1	0
61	2	0
62	2	0
63	1	0
64	1	0
65	1	0
66	1	0
67	1	0
68	1	0
69	2	0
70	2	0
71	2	0
72	1	0
73	2	0
74	2	0
75	1	0
76	2	0
77	1	0
78	2	0
79	2	0
80	1	0
81	2	0
82	1	0
83	1	0
84	2	0
85	1	0
86	2	0
87	2	0
88	1	0
89	2	0
90	2	0
91	1	0
92	1	0
93	2	0
94	1	0
95	2	0
96	1	0
97	1	0
98	1	0
99	1	0
100	2	0
101	1	0
102	2	0
103	1	0
104	2	0
105	2	0
106	2	0
107	2	0
108	1	0
109	2	0
110	2	0
111	1	0
112	1	0
113	1	0
114	1	0
115	2	0
116	2	0
117	2	0
118	1	0
119	2	0
120	1	0
121	2	0
122	1	0
123	1	0
124	1	0
125	2	0
126	2	0
127	1	0
128	1	0
129	1	0
130	2	0
131	1	0
132	1	0
133	1	0
134	2	0
135	1	0
136	1	0
137	1	0
138	1	0
139	2	0
140	2	0
141	2	0
142	1	0
143	2	0
144	2	0
145	1	0
146	1	0
147	2	0
148	1	0
149	1	0
150	2	0
151	2	0
152	1	0
153	1	0
154	2	0
155	2	0
156	1	0
157	1	0
158	1	0
159	2	0
160	2	0
161	1	0
162	2	0
163	2	0
164	2	0
165	1	0
166	1	0
167	2	0
168	2	0
169	1	0
170	1	0
171	1	0
172	1	0
173	1	0
174	2	0
175	2	0
176	1	0
177	2	0
178	2	0
179	2	0
180	2	0
181	2	0
182	1	0
183	1	0
184	1	0
185	2	0
186	2	0
187	2	0
188	2	0
189	2	0
190	2	0
191	1	0
192	2	0
193	2	0
194	2	0
195	1	0
196	2	0
197	1	0
198	1	0
199	1	0
200	2	0
201	2	0
202	2	0
203	2	0
204	2	0
205	1	0
206	1	0
207	1	0
208	2	0
209	1	0
210	2	0
211	1	0
212	2	0
213	2	0
214	2	0
215	2	0
216	1	0
217	2	0
218	1	0
219	1	0
220	1	0
221	2	0
222	2	0
223	1	0
224	2	0
225	2	0
226	1	0
227	1	0
228	2	0
229	1	0
230	1	0
231	2	0
232	2	0
233	2	0
234	2	0
235	2	0
236	2	0
237	2	0
238	1	0
239	2	0
240	2	0
241	2	0
242	1	0
243	2	0
244	1	0
245	1	0
246	2	0
247	1	0
248	1	0
249	1	0
250	2	0
251	2	0
252	2	0
253	1	0
254	2	0
255	2	0
256	1	0
257	1	0
258	1	0
259	2	0
260	1	0
261	1	0
262	2	0
263	1	0
264	1	0
265	1	0
266	2	0
267	2	0
268	1	0
269	2	0
270	1	0
271	2	0
272	2	0
273	1	0
274	1	0
275	1	0
276	1	0
277	2	0
278	1	0
279	1	0
280	2	0
281	2	0
282	2	0
283	1	0
284	2	0
285	1	0
286	1	0
287	2	0
288	2	0
289	2	0
290	2	0
291	2	0
292	1	0
293	1	0
294	1	0
295	2	0
296	2	0
297	2	0
298	1	0
299	1	0
300	2	0
301	2	0
302	1	0
303	1	0
304	2	0
305	1	0
306	1	0
307	1	0
308	1	0
309	1	0
310	2	0
311	1	0
312	2	0
313	1	0
314	1	0
315	2	0
316	2	0
317	2	0
318	1	0
319	1	0
320	1	0
321	1	0
322	2	0
323	2	0
324	1	0
325	1	0
326	2	0
327	1	0
328	2	0
329	2	0
330	1	0
331	2	0
332	1	0
333	2	0
334	2	0
335	2	0
336	2	0
337	2	0
338	1	0
339	2	0
340	2	0
341	2	0
342	1	0
343	2	0
344	1	0
345	1	0
346	1	0
347	2	0
348	1	0
349	1	0
350	1	0
351	1	0
352	1	0
353	2	0
354	2	0
355	2	0
356	1	0
357	2	0
358	1	0
359	1	0
360	2	0
361	1	0
362	2	0
363	2	0
364	1	0
365	2	0
366	2	0
367	2	0
368	1	0
369	2	0
370	1	0
371	2	0
372	2	0
373	1	0
374	2	0
375	2	0
376	1	0
377	2	0
378	1	0
379	1	0
380	2	0
381	1	0
382	2	0
383	1	0
384	2	0
385	2	0
386	2	0
387	2	0
388	2	0
389	2	0
390	2	0
391	1	0
392	2	0
393	1	0
394	2	0
395	2	0
396	1	0
397	1	0
398	2	0
399	2	0
400	2	0
401	1	0
402	2	0
403	2	0
404	2	0
405	1	0
406	1	0
407	1	0
408	2	0
409	1	0
410	1	0
411	2	0
412	1	0
413	1	0
414	2	0
415	1	0
416	2	0
417	1	0
418	1	0
419	1	0
420	2	0
421	1	0
422	2	0
423	1	0
424	2	0
425	1	0
426	1	0
427	1	0
428	2	0
429	2	0
430	2	0
431	2	0
432	2	0
433	2	0
434	2	0
435	1	0
436	2	0
437	2	0
438	2	0
439	1	0
440	1	0
441	1	0
442	1	0
443	1	0
444	2	0
445	2	0
446	2	0
447	1	0
448	1	0
449	2	0
450	2	0
451	2	0
452	1	0
453	1	0
454	2	0
455	2	0
456	1	0
457	1	0
458	1	0
459	2	0
460	2	0
461	2	0
462	1	0
463	1	0
464	2	0
465	2	0
466	1	0
467	2	0
468	2	0
469	2	0
470	2	0
471	1	0
472	2	0
473	2	0
474	2	0
475	2	0
476	2	0
477	2	0
478	2	0
479	1	0
480	2	0
481	1	0
482	1	0
483	1	0
484	1	0
485	2	0
486	1	0
487	1	0
488	1	0
489	1	0
490	2	0
491	2	0
492	1	0
493	2	0
494	2	0
495	1	0
496	2	0
497	2	0
498	1	0
499	2	0
500	2	0
501	2	0
502	2	0
503	2	0
504	1	0
505	2	0
506	2	0
507	2	0
508	2	0
509	1	0
510	1	0
511	2	0
512	2	0
513	2	0
514	1	0
515	1	0
516	2	0
517	2	0
518	2	0
519	2	0
520	2	0
521	1	0
522	1	0
523	2	0
524	2	0
525	1	0
526	1	0
527	1	0
528	1	0
529	1	0
530	1	0
531	1	0
532	2	0
533	1	0
534	1	0
535	1	0
536	2	0
537	2	0
538	1	0
539	2	0
540	2	0
541	1	0
542	2	0
543	2	0
544	2	0
545	2	0
546	1	0
547	1	0
548	2	0
549	2	0
550	1	0
551	2	0
552	2	0
553	2	0
554	1	0
555	1	0
556	2	0
557	2	0
558	2	0
559	2	0
560	2	0
561	2	0
562	2	0
563	1	0
564	2	0
565	1	0
566	2	0
567	2	0
568	2	0
569	1	0
570	2	0
571	1	0
572	2	0
573	2	0
574	2	0
575	1	0
576	2	0
577	2	0
578	1	0
579	1	0
580	2	0
581	2	0
582	2	0
583	2	0
584	2	0
585	2	0
586	2	0
587	2	0
588	2	0
589	2	0
590	2	0
591	2	0
592	2	0
593	1	0
594	2	0
595	2	0
596	1	0
597	1	0
598	1	0
599	1	0
600	2	0
601	1	0
602	2	0
603	2	0
604	2	0
605	1	0
606	2	0
607	1	0
608	2	0
609	1	0
610	1	0
611	2	0
612	2	0
613	2	0
614	1	0
615	2	0
616	2	0
617	2	0
618	1	0
619	2	0
620	1	0
621	2	0
622	2	0
623	1	0
624	1	0
625	2	0
626	1	0
627	2	0
628	1	0
629	2	0
630	2	0
631	2	0
632	1	0
633	2	0
634	2	0
635	2	0
636	1	0
637	2	0
638	1	0
639	1	0
640	2	0
641	1	0
642	2	0
643	2	0
644	2	0
645	2	0
646	2	0
647	2	0
648	2	0
649	2	0
650	2	0
651	1	0
652	2	0
653	1	0
654	2	0
655	1	0
656	2	0
657	1	0
658	2	0
659	1	0
660	2	0
661	2	0
662	2	0
663	1	0
664	2	0
665	2	0
666	2	0
667	2	0
668	2	0
669	1	0
670	2	0
671	2	0
672	1	0
673	2	0
674	1	0
675	2	0
676	2	0
677	2	0
678	2	0
679	2	0
680	1	0
681	1	0
682	1	0
683	2	0
684	1	0
685	2	0
686	2	0
687	2	0
688	1	0
689	2	0
690	2	0
691	1	0
692	1	0
693	1	0
694	1	0
695	1	0
696	1	0
697	1	0
698	2	0
699	1	0
700	2	0
701	2	0
702	1	0
703	1	0
704	2	0
705	2	0
706	1	0
707	2	0
708	2	0
709	1	0
710	1	0
711	1	0
712	2	0
713	2	0
714	1	0
715	2	0
716	2	0
717	2	0
718	1	0
719	2	0
720	2	0
721	1	0
722	1	0
723	1	0
724	1	0
725	2	0
726	1	0
727	1	0
728	2	0
729	1	0
730	1	0
731	1	0
732	2	0
733	2	0
734	1	0
735	2	0
736	1	0
737	2	0
738	2	0
739	2	0
740	1	0
741	2	0
742	1	0
743	2	0
744	2	0
745	1	0
746	2	0
747	2	0
748	2	0
749	1	0
750	2	0
751	1	0
752	2	0
753	1	0
754	2	0
755	1	0
756	1	0
757	1	0
758	2	0
759	2	0
760	1	0
761	2	0
762	1	0
763	1	0
764	2	0
765	2	0
766	1	0
767	2	0
768	2	0
769	2	0
770	1	0
771	2	0
772	1	0
773	1	0
774	1	0
775	2	0
776	2	0
777	2	0
778	1	0
779	2	0
780	1	0
781	2	0
782	2	0
783	2	0
784	1	0
785	2	0
786	1	0
787	1	0
788	2	0
789	2	0
790	2	0
791	2	0
792	2	0
793	1	0
794	1	0
795	1	0
796	1	0
797	2	0
798	2	0
799	2	0
800	2	0
801	1	0
802	2	0
803	1	0
804	2	0
805	1	0
806	1	0
807	1	0
808	1	0
809	1	0
810	1	0
811	1	0
812	2	0
813	1	0
814	2	0
815	2	0
816	2	0
817	2	0
818	2	0
819	1	0
820	2	0
821	2	0
822	2	0
823	2	0
824	1	0
825	1	0
826	1	0
827	2	0
828	2	0
829	1	0
830	2	0
831	2	0
832	1	0
833	1	0
834	2	0
835	2	0
836	2	0
837	1	0
838	1	0
839	1	0
840	2	0
841	2	0
842	2	0
843	2	0
844	1	0
845	2	0
846	2	0
847	2	0
848	2	0
849	2	0
850	1	0
851	1	0
852	1	0
853	2	0
854	1	0
855	2	0
856	2	0
857	2	0
858	1	0
859	2	0
860	1	0
861	1	0
862	1	0
863	1	0
864	2	0
865	2	0
866	2	0
867	1	0
868	2	0
869	2	0
870	2	0
871	2	0
872	2	0
873	1	0
874	2	0
875	2	0
876	2	0
877	1	0
878	2	0
879	2	0
880	1	0
881	2	0
882	2	0
883	2	0
884	2	0
885	1	0
886	1	0
887	2	0
888	2	0
889	1	0
890	1	0
891	1	0
892	2	0
893	2	0
894	2	0
895	2	0
896	1	0
897	2	0
898	2	0
899	1	0
900	1	0
901	1	0
902	1	0
903	2	0
904	1	0
905	2	0
906	2	0
907	2	0
908	1	0
909	2	0
910	2	0
911	1	0
912	2	0
913	2	0
914	2	0
915	2	0
916	2	0
917	1	0
918	2	0
919	1	0
920	1	0
921	2	0
922	2	0
923	2	0
924	2	0
925	2	0
926	1	0
927	2	0
928	2	0
929	1	0
930	1	0
931	2	0
932	2	0
933	1	0
934	1	0
935	2	0
936	1	0
937	2	0
938	2	0
939	2	0
940	2	0
941	1	0
942	2	0
943	2	0
944	1	0
945	1	0
946	2	0
947	2	0
948	1	0
949	2	0
950	1	0
951	2	0
952	2	0
953	2	0
954	1	0
955	1	0
956	1	0
957	2	0
958	1	0
959	2	0
960	1	0
961	2	0
962	2	0
963	2	0
964	2	0
965	2	0
966	1	0
967	2	0
968	1	0
969	1	0
970	1	0
971	2	0
972	1	0
973	1	0
974	1	0
975	1	0
976	1	0
977	1	0
978	2	0
979	2	0
980	2	0
981	2	0
982	1	0
983	1	0
984	2	0
985	1	0
986	2	0
987	2	0
988	1	0
989	2	0
990	1	0
991	2	0
992	2	0
993	2	0
994	2	0
995	2	0
996	2	0
997	1	0
998	2	0
999	1	0
1000	2	0
1001	2	0
1002	2	0
1003	1	0
1004	2	0
1005	2	0
1006	2	0
1007	1	0
1008	1	0
1009	1	0
1010	2	0
1011	2	0
1012	1	0
1013	1	0
1014	1	0
1015	1	0
1016	2	0
1017	2	0
1018	1	0
1019	2	0
1020	2	0
1021	2	0
1022	1	0
1023	2	0
1024	2	0
1025	2	0
1026	1	0
1027	1	0
1028	1	0
1029	1	0
1030	2	0
1031	2	0
1032	2	0
1033	2	0
1034	2	0
1035	1	0
1036	1	0
1037	2	0
1038	2	0
1039	1	0
1040	2	0
1041	1	0
1042	2	0
1043	2	0
1044	1	0
1045	2	0
1046	1	0
1047	2	0
1048	2	0
1049	2	0
1050	1	0
1051	2	0
1052	2	0
1053	2	0
1054	2	0
1055	2	0
1056	2	0
1057	2	0
1058	1	0
1059	2	0
1060	1	0
1061	1	0
1062	1	0
1063	2	0
1064	2	0
1065	2	0
1066	2	0
1067	2	0
1068	1	0
1069	2	0
1070	2	0
1071	2	0
1072	1	0
1073	1	0
1074	1	0
1075	1	0
1076	2	0
1077	2	0
1078	2	0
1079	2	0
1080	2	0
1081	1	0
1082	1	0
1083	1	0
1084	2	0
1085	1	0
1086	1	0
1087	2	0
1088	2	0
1089	1	0
1090	1	0
1091	1	0
1092	1	0
1093	2	0
1094	1	0
1095	2	0
1096	1	0
1097	1	0
1098	1	0
1099	2	0
1100	2	0
1101	2	0
1102	1	0
1103	2	0
1104	2	0
1105	2	0
1106	2	0
1107	1	0
1108	2	0
1109	1	0
1110	1	0
1111	2	0
1112	2	0
1113	2	0
1114	1	0
1115	1	0
1116	1	0
1117	1	0
1118	1	0
1119	2	0
1120	1	0
1121	2	0
1122	1	0
1123	2	0
1124	2	0
1125	1	0
1126	2	0
1127	1	0
1128	1	0
1129	1	0
1130	2	0
1131	2	0
1132	2	0
1133	2	0
1134	2	0
1135	1	0
1136	2	0
1137	1	0
1138	2	0
1139	1	0
1140	1	0
1141	2	0
1142	2	0
1143	1	0
1144	1	0
1145	1	0
1146	2	0
1147	1	0
1148	1	0
1149	1	0
1150	1	0
1151	2	0
1152	1	0
1153	2	0
1154	1	0
1155	1	0
1156	2	0
1157	2	0
1158	2	0
1159	1	0
1160	1	0
1161	2	0
1162	1	0
1163	2	0
1164	1	0
1165	2	0
1166	2	0
1167	2	0
1168	1	0
1169	1	0
1170	2	0
1171	1	0
1172	2	0
1173	1	0
1174	1	0
1175	1	0
1176	2	0
1177	2	0
1178	1	0
1179	1	0
1180	2	0
1181	1	0
1182	1	0
1183	2	0
1184	2	0
1185	1	0
1186	2	0
1187	1	0
1188	1	0
1189	1	0
1190	2	0
1191	2	0
1192	1	0
1193	1	0
1194	1	0
1195	1	0
1196	2	0
1197	2	0
1198	2	0
1199	1	0
1200	1	0
1201	2	0
1202	1	0
1203	2	0
1204	1	0
1205	2	0
1206	1	0
1207	1	0
1208	2	0
1209	1	0
1210	2	0
1211	1	0
1212	1	0
1213	1	0
1214	2	0
1215	2	0
1216	1	0
1217	2	0
1218	2	0
1219	1	0
1220	2	0
1221	2	0
1222	2	0
1223	2	0
1224	1	0
1225	1	0
1226	2	0
1227	1	0
1228	2	0
1229	1	0
1230	1	0
1231	1	0
1232	2	0
1233	1	0
1234	2	0
1235	2	0
1236	1	0
1237	1	0
1238	1	0
1239	2	0
1240	1	0
1241	2	0
1242	1	0
1243	2	0
1244	2	0
1245	1	0
1246	1	0
1247	1	0
1248	2	0
1249	2	0
1250	1	0
1251	1	0
1252	1	0
1253	1	0
1254	2	0
1255	2	0
1256	2	0
1257	1	0
1258	1	0
1259	1	0
1260	1	0
1261	2	0
1262	2	0
1263	2	0
1264	2	0
1265	1	0
1266	1	0
1267	2	0
1268	2	0
1269	1	0
1270	2	0
1271	2	0
1272	2	0
1273	1	0
1274	2	0
1275	2	0
1276	2	0
1277	2	0
1278	2	0
1279	2	0
1280	1	0
1281	1	0
1282	2	0
1283	2	0
1284	2	0
1285	1	0
1286	1	0
1287	2	0
1288	1	0
1289	2	0
1290	1	0
1291	2	0
1292	1	0
1293	1	0
1294	1	0
1295	2	0
1296	2	0
1297	2	0
1298	2	0
1299	2	0
1300	1	0
1301	1	0
1302	1	0
1303	2	0
1304	2	0
1305	1	0
1306	2	0
1307	1	0
1308	2	0
1309	1	0
1310	1	0
1311	2	0
1312	1	0
1313	2	0
1314	2	0
1315	1	0
1316	2	0
1317	1	0
1318	1	0
1319	2	0
1320	1	0
1321	1	0
1322	2	0
1323	1	1
1324	1	0
1325	1	0
1326	2	0
1327	2	0
1328	1	0
1329	1	0
1330	2	0
1331	2	0
1332	2	0
1333	1	0
1334	2	0
1335	1	0
1336	2	0
1337	1	0
1338	1	0
1339	2	0
1340	1	0
1341	2	0
1342	2	0
1343	2	0
1344	1	0
1345	2	0
1346	1	0
1347	1	0
1348	2	0
1349	1	0
1350	1	0
1351	2	0
1352	1	0
1353	1	0
1354	1	0
1355	2	0
1356	2	0
1357	2	0
1358	2	0
1359	1	0
1360	1	0
1361	1	0
1362	1	0
1363	2	0
1364	1	0
1365	2	0
1366	2	0
1367	1	0
1368	2	0
1369	1	0
1370	1	0
1371	1	0
1372	2	0
1373	2	0
1374	2	0
1375	2	0
1376	1	0
1377	1	0
1378	2	0
1379	2	0
1380	2	0
1381	1	0
1382	2	0
1383	1	0
1384	2	0
1385	1	0
1386	2	0
1387	1	0
1388	1	0
1389	1	0
1390	2	0
1391	1	0
1392	2	0
1393	2	0
1394	2	0
1395	2	0
1396	2	0
1397	1	0
1398	2	0
1399	1	0
1400	1	0
1401	1	0
1402	2	0
1403	1	0
1404	1	0
1405	1	0
1406	1	0
1407	1	0
1408	2	0
1409	2	0
1410	2	0
1411	1	0
1412	1	0
1413	1	0
1414	1	0
1415	1	0
1416	1	0
1417	2	0
1418	2	0
1419	1	0
1420	1	0
1421	2	0
1422	2	0
1423	2	0
1424	1	0
1425	2	0
1426	1	0
1427	1	0
1428	1	0
1429	1	0
1430	1	0
1431	2	0
1432	1	0
1433	2	0
1434	2	0
1435	2	0
1436	1	0
1437	2	0
1438	1	0
1439	2	0
1440	1	0
1441	1	0
1442	2	0
1443	2	0
1444	1	0
1445	1	0
1446	2	0
1447	1	0
1448	2	0
1449	1	0
1450	1	0
1451	1	0
1452	1	0
1453	1	0
1454	1	0
1455	1	0
1456	2	0
1457	1	0
1458	2	0
1459	1	0
1460	1	0
1461	1	0
1462	2	0
1463	2	0
1464	1	0
1465	1	0
1466	1	0
1467	1	0
1468	2	0
1469	1	0
1470	1	0
1471	1	0
1472	1	0
1473	1	0
1474	2	0
1475	1	0
1476	2	0
1477	1	0
1478	1	0
1479	2	0
1480	2	0
1481	2	0
1482	2	0
1483	2	0
1484	2	0
1485	2	0
1486	2	0
1487	2	0
1488	2	0
1489	1	0
1490	2	0
1491	2	0
1492	2	0
1493	1	0
1494	2	0
1495	2	0
1496	1	0
1497	1	0
1498	1	0
1499	2	0
1500	1	0
1501	2	0
1502	1	0
1503	2	0
1504	2	0
1505	1	0
1506	1	0
1507	1	0
1508	1	0
1509	1	0
1510	1	0
1511	1	0
1512	2	0
1513	2	0
1514	2	0
1515	2	0
1516	1	0
1517	1	0
1518	1	0
1519	2	0
1520	1	0
1521	2	0
1522	1	0
1523	2	0
1524	1	0
1525	2	0
1526	1	0
1527	1	0
1528	2	0
1529	1	0
1530	1	0
1531	2	0
1532	2	0
1533	1	0
1534	2	0
1535	1	0
1536	2	0
1537	2	0
1538	2	0
1539	2	0
1540	1	0
1541	1	0
1542	1	0
1543	2	0
1544	2	0
1545	1	0
1546	1	0
1547	1	0
1548	1	0
1549	2	0
1550	2	0
1551	1	0
1552	2	0
1553	2	0
1554	1	0
1555	2	0
1556	1	0
1557	1	0
1558	2	0
1559	2	0
1560	1	0
1561	2	0
1562	2	0
1563	2	0
1564	2	0
1565	2	0
1566	1	0
1567	2	0
1568	1	0
1569	2	0
1570	1	0
1571	2	0
1572	1	0
1573	2	0
1574	2	0
1575	1	0
1576	1	0
1577	2	0
1578	1	0
1579	1	0
1580	1	0
1581	2	0
1582	2	0
1583	2	0
1584	1	0
1585	1	0
1586	2	0
1587	1	0
1588	2	0
1589	2	0
1590	2	0
1591	1	0
1592	1	0
1593	1	0
1594	2	0
1595	1	0
1596	1	0
1597	1	0
1598	2	0
1599	1	0
1600	2	0
1601	1	0
1602	2	0
1603	2	0
1604	2	0
1605	2	0
1606	1	0
1607	2	0
1608	1	0
1609	1	0
1610	1	0
1611	2	0
1612	1	0
1613	2	0
1614	1	0
1615	2	0
1616	1	0
1617	1	0
1618	2	0
1619	1	0
1620	1	0
1621	2	0
1622	1	0
1623	1	0
1624	1	0
1625	1	0
1626	2	0
1627	2	0
1628	1	0
1629	2	0
1630	2	0
1631	1	0
1632	1	0
1633	2	0
1634	1	0
1635	1	0
1636	1	0
1637	1	0
1638	2	0
1639	2	0
1640	2	0
1641	1	0
1642	1	0
1643	1	0
1644	2	0
1645	2	0
1646	1	0
1647	1	0
1648	1	0
1649	1	0
1650	2	0
1651	2	0
1652	1	0
1653	2	0
1654	2	0
1655	2	0
1656	1	0
1657	2	0
1658	2	0
1659	1	0
1660	2	0
1661	2	0
1662	2	0
1663	2	0
1664	1	0
1665	1	0
1666	1	0
1667	1	0
1668	1	0
1669	1	0
1670	1	0
1671	1	0
1672	2	0
1673	2	0
1674	1	0
1675	1	0
1676	2	0
1677	2	0
1678	2	0
1679	2	0
1680	1	0
1681	1	0
1682	1	0
1683	1	0
1684	1	0
1685	1	0
1686	2	0
1687	2	0
1688	2	0
1689	2	0
1690	2	0
1691	2	0
1692	1	0
1693	2	0
1694	1	0
1695	1	0
1696	2	0
1697	2	0
1698	2	0
1699	2	0
1700	2	0
1701	1	0
1702	2	0
1703	1	0
1704	1	0
1705	1	0
1706	2	0
1707	2	0
1708	1	0
1709	1	0
1710	1	0
1711	2	0
1712	2	0
1713	1	0
1714	1	0
1715	1	0
1716	2	0
1717	1	0
1718	2	0
1719	2	0
1720	1	0
1721	1	0
1722	2	0
1723	1	0
1724	2	0
1725	1	0
1726	2	0
1727	1	0
1728	1	0
1729	2	0
1730	1	0
1731	2	0
1732	1	0
1733	1	0
1734	1	0
1735	1	0
1736	2	0
1737	2	0
1738	1	0
1739	2	0
1740	1	0
1741	1	0
1742	1	0
1743	2	0
1744	2	0
1745	1	0
1746	1	0
1747	2	0
1748	2	0
1749	1	0
1750	1	0
1751	1	0
1752	1	0
1753	1	0
1754	2	0
1755	2	0
1756	1	0
1757	2	0
1758	1	0
1759	1	0
1760	1	0
1761	2	0
1762	2	0
1763	1	0
1764	1	0
1765	2	0
1766	1	0
1767	2	0
1768	2	0
1769	2	0
1770	1	0
1771	1	0
1772	2	0
1773	1	0
1774	2	0
1775	1	0
1776	1	0
1777	1	0
1778	1	0
1779	2	0
1780	1	0
1781	2	0
1782	2	0
1783	1	0
1784	2	0
1785	2	0
1786	2	0
1787	1	0
1788	1	0
1789	2	0
1790	1	0
1791	2	0
1792	2	0
1793	1	0
1794	1	0
1795	1	0
1796	1	0
1797	1	0
1798	1	0
1799	1	0
1800	2	0
1801	1	0
1802	2	0
1803	1	0
1804	2	0
1805	2	0
1806	1	0
1807	2	0
1808	2	0
1809	2	0
1810	1	0
1811	1	0
1812	1	0
1813	1	0
1814	1	0
1815	2	0
1816	1	0
1817	1	0
1818	1	0
1819	1	0
1820	2	0
1821	2	0
1822	1	0
1823	1	0
1824	1	0
1825	1	0
1826	2	0
1827	2	0
1828	1	0
1829	2	0
1830	1	0
1831	2	0
1832	2	0
1833	1	0
1834	1	0
1835	2	0
1836	2	0
1837	1	0
1838	2	0
1839	2	0
1840	2	0
1841	2	0
1842	1	0
1843	1	0
1844	1	0
1845	1	0
1846	1	0
1847	2	0
1848	2	0
1849	2	0
1850	1	0
1851	1	0
1852	1	0
1853	2	0
1854	2	0
1855	2	0
1856	2	0
1857	1	0
1858	2	0
1859	1	0
1860	1	0
1861	1	0
1862	1	0
1863	2	0
1864	1	0
1865	2	0
1866	2	0
1867	1	0
1868	1	0
1869	1	0
1870	2	0
1871	2	0
1872	2	0
1873	1	0
1874	2	0
1875	1	0
1876	2	0
1877	1	0
1878	1	0
1879	2	0
1880	1	0
1881	1	0
1882	2	0
1883	2	0
1884	2	0
1885	2	0
1886	2	0
1887	1	0
1888	1	0
1889	1	0
1890	1	0
1891	2	0
1892	2	0
1893	2	0
1894	1	0
1895	2	0
1896	1	0
1897	2	0
1898	1	0
1899	1	0
1900	1	0
1901	2	0
1902	2	0
1903	2	0
1904	1	0
1905	1	0
1906	1	0
1907	1	0
1908	1	0
1909	2	0
1910	2	0
1911	2	0
1912	1	0
1913	2	0
1914	1	0
1915	2	0
1916	2	0
1917	1	0
1918	2	0
1919	2	0
1920	1	0
1921	2	0
1922	2	0
1923	2	0
1924	1	0
1925	2	0
1926	2	0
1927	2	0
1928	1	0
1929	2	0
1930	2	0
1931	2	0
1932	2	0
1933	1	0
1934	1	0
1935	2	0
1936	2	0
1937	2	0
1938	1	0
1939	2	0
1940	2	0
1941	1	0
1942	2	0
1943	1	0
1944	2	0
1945	2	0
1946	2	0
1947	1	0
1948	1	0
1949	1	0
1950	1	0
1951	1	0
1952	2	0
1953	2	0
1954	2	0
1955	2	0
1956	1	0
1957	1	0
1958	2	0
1959	2	0
1960	1	0
1961	2	0
1962	1	0
1963	1	0
1964	2	0
1965	2	0
1966	2	0
1967	1	0
1968	2	0
1969	2	0
1970	1	0
1971	2	0
1972	2	0
1973	1	0
1974	2	0
1975	1	0
1976	1	0
1977	1	0
1978	1	0
1979	1	0
1980	2	0
1981	1	0
1982	2	0
1983	1	0
1984	2	0
1985	1	0
1986	1	0
1987	1	0
1988	1	0
1989	1	0
1990	1	0
1991	1	0
1992	2	0
1993	1	0
1994	2	0
1995	1	0
1996	1	0
1997	1	0
1998	2	0
1999	1	0
2000	2	0
2001	1	0
2002	2	0
2003	2	0
2004	1	0
2005	2	0
2006	1	0
2007	1	0
2008	2	0
2009	2	0
2010	2	0
2011	1	0
2012	2	0
2013	1	0
2014	1	0
2015	1	0
2016	2	0
2017	1	0
2018	2	0
2019	1	0
2020	1	0
2021	1	0
2022	2	0
2023	1	0
2024	2	0
2025	2	0
2026	1	0
2027	2	0
2028	2	0
2029	1	0
2030	2	0
2031	1	0
2032	1	0
2033	1	0
2034	1	0
2035	1	0
2036	2	0
2037	2	0
2038	2	0
2039	2	0
2040	2	0
2041	1	0
2042	1	0
2043	2	0
2044	1	0
2045	1	0
2046	1	0
2047	1	0
2048	2	0
2049	1	0
2050	1	0
2051	2	0
2052	2	0
2053	2	0
2054	2	0
2055	2	0
2056	1	0
2057	1	0
2058	2	0
2059	1	0
2060	1	0
2061	1	0
2062	1	0
2063	2	0
2064	2	0
2065	1	0
2066	2	0
2067	2	0
2068	2	0
2069	2	0
2070	1	0
2071	2	0
2072	2	0
2073	2	0
2074	1	0
2075	2	0
2076	1	1
2077	1	0
2078	1	0
2079	2	0
2080	2	0
2081	2	0
2082	2	0
2083	2	0
2084	2	0
2085	2	0
2086	2	0
2087	1	0
2088	1	0
2089	2	0
2090	1	0
2091	2	0
2092	1	0
2093	2	0
2094	1	0
2095	2	0
2096	1	0
2097	2	0
2098	1	0
2099	1	0
2100	1	0
2101	2	0
2102	2	0
2103	1	0
2104	1	0
2105	1	0
2106	2	0
2107	2	0
2108	1	0
2109	1	0
2110	1	0
2111	1	0
2112	1	0
2113	1	0
2114	2	0
2115	2	0
2116	2	0
2117	1	0
2118	1	0
2119	1	0
2120	2	0
2121	2	0
2122	1	0
2123	2	0
2124	2	0
2125	2	0
2126	2	0
2127	2	0
2128	1	0
2129	2	0
2130	2	0
2131	1	0
2132	1	0
2133	2	0
2134	1	0
2135	1	0
2136	2	0
2137	1	0
2138	1	0
2139	1	0
2140	2	0
2141	2	0
2142	1	0
2143	2	0
2144	2	0
2145	2	0
2146	2	0
2147	1	0
2148	1	0
2149	1	0
2150	1	0
2151	2	0
2152	2	0
2153	2	0
2154	1	0
2155	2	0
2156	2	0
2157	1	0
2158	1	0
2159	2	0
2160	2	0
2161	1	0
2162	2	0
2163	1	0
2164	1	0
2165	1	0
2166	1	0
2167	1	0
2168	2	0
2169	2	0
2170	1	0
2171	2	0
2172	2	0
2173	1	0
2174	1	0
2175	1	0
2176	2	0
2177	1	0
2178	1	0
2179	2	0
2180	1	0
2181	2	0
2182	2	0
2183	1	0
2184	1	0
2185	1	0
2186	2	0
2187	2	0
2188	1	0
2189	2	0
2190	2	0
2191	2	0
2192	2	0
2193	1	0
2194	1	0
2195	1	0
2196	1	0
2197	2	0
2198	2	0
2199	1	0
2200	1	0
2201	1	0
2202	1	0
2203	2	0
2204	1	0
2205	1	0
2206	2	0
2207	2	0
2208	2	0
2209	2	0
2210	1	0
2211	2	0
2212	1	0
2213	1	0
2214	2	0
2215	2	0
2216	2	0
2217	1	0
2218	2	0
2219	2	0
2220	2	0
2221	1	0
2222	1	0
2223	2	0
2224	1	0
2225	2	0
2226	2	0
2227	2	0
2228	2	0
2229	2	0
2230	2	0
2231	1	0
2232	2	0
2233	1	0
2234	2	0
2235	1	0
2236	1	0
2237	1	0
2238	1	0
2239	1	0
2240	1	0
2241	1	0
2242	2	0
2243	2	0
2244	1	0
2245	1	0
2246	2	0
2247	2	0
2248	1	0
2249	1	0
2250	2	0
2251	2	0
2252	2	0
2253	2	0
2254	2	0
2255	1	0
2256	1	0
2257	1	0
2258	2	0
2259	2	0
2260	1	0
2261	1	0
2262	1	0
2263	2	0
2264	1	0
2265	1	0
2266	1	0
2267	1	0
2268	2	0
2269	2	0
2270	1	0
2271	1	0
2272	1	0
2273	2	0
2274	2	0
2275	1	0
2276	2	0
2277	2	0
2278	1	0
2279	2	0
2280	2	0
2281	1	0
2282	2	0
2283	2	0
2284	2	0
2285	1	0
2286	1	0
2287	2	0
2288	2	0
2289	1	0
2290	1	0
2291	1	0
2292	2	0
2293	1	0
2294	1	0
2295	1	0
2296	1	0
2297	1	0
2298	1	0
2299	2	0
2300	1	0
2301	1	0
2302	2	0
2303	2	0
2304	2	0
2305	2	0
2306	2	0
2307	2	0
2308	1	0
2309	2	0
2310	1	0
2311	1	0
2312	2	0
2313	2	0
2314	2	0
2315	1	0
2316	2	0
2317	1	0
2318	2	0
2319	2	0
2320	1	0
2321	2	0
2322	1	0
2323	1	0
2324	2	0
2325	2	0
2326	1	0
2327	1	0
2328	2	0
2329	1	0
2330	2	0
2331	2	0
2332	1	0
2333	1	0
2334	2	0
2335	2	0
2336	1	0
2337	2	0
2338	2	0
2339	2	0
2340	1	0
2341	1	0
2342	1	0
2343	2	0
2344	2	0
2345	2	0
2346	2	0
2347	1	0
2348	1	0
2349	1	0
2350	2	0
2351	2	0
2352	1	0
2353	1	0
2354	2	0
2355	1	0
2356	1	0
2357	1	0
2358	2	0
2359	2	0
2360	1	0
2361	2	0
2362	1	0
2363	2	0
2364	2	0
2365	1	0
2366	2	0
2367	1	0
2368	2	0
2369	2	0
2370	1	0
2371	2	0
2372	2	0
2373	1	0
2374	2	0
2375	1	0
2376	1	0
2377	1	0
2378	1	0
2379	1	0
2380	1	0
2381	1	0
2382	2	0
2383	2	0
2384	1	0
2385	1	0
2386	2	0
2387	1	0
2388	2	0
2389	1	0
2390	1	0
2391	1	0
2392	2	0
2393	2	0
2394	1	0
2395	2	0
2396	1	0
2397	1	0
2398	1	0
2399	2	0
2400	2	0
2401	2	0
2402	2	0
2403	2	0
2404	1	0
2405	2	0
2406	1	0
2407	2	0
2408	2	0
2409	2	0
2410	1	0
2411	1	0
2412	2	0
2413	2	0
2414	2	0
2415	2	0
2416	1	0
2417	2	0
2418	1	0
2419	2	0
2420	1	0
2421	1	0
2422	1	0
2423	1	0
2424	1	0
2425	2	0
2426	2	0
2427	2	0
2428	2	0
2429	2	0
2430	2	0
2431	1	0
2432	2	0
2433	1	0
2434	1	0
2435	1	0
2436	2	0
2437	1	0
2438	2	0
2439	1	0
2440	1	0
2441	2	0
2442	2	0
2443	1	0
2444	1	0
2445	2	0
2446	1	0
2447	2	0
2448	1	0
2449	1	0
2450	2	0
2451	2	0
2452	2	0
2453	2	0
2454	2	0
2455	1	0
2456	1	0
2457	1	0
2458	1	0
2459	1	0
2460	1	0
2461	1	0
2462	2	2
2463	2	0
2464	2	0
2465	2	0
2466	2	0
2467	1	0
2468	1	0
2469	1	0
2470	1	0
2471	1	0
2472	2	0
2473	2	0
2474	2	0
2475	1	0
2476	2	0
2477	2	0
2478	1	0
2479	1	0
2480	2	2
2481	2	0
2482	2	0
2483	1	0
2484	1	0
2485	2	0
2486	2	0
2487	1	0
2488	2	0
2489	1	0
2490	2	0
2491	2	0
2492	2	0
2493	2	0
2494	2	0
2495	2	0
2496	2	0
2497	1	0
