1	3	0
2	6	0
3	6	0
4	6	0
5	6	0
6	6	0
7	5	0
8	10	0
9	10	0
10	9	0
11	7	0
12	8	0
13	5	0
14	10	0
15	6	0
16	6	0
17	6	0
18	6	0
19	9	0
20	6	0
21	1	1
22	6	0
23	6	0
24	6	0
25	5	0
26	10	0
27	6	0
28	6	0
29	6	0
30	7	0
31	6	0
32	6	0
33	6	0
34	10	0
35	6	0
36	2	2
37	6	0
38	6	0
39	10	0
40	6	0
41	5	0
42	5	0
43	10	0
44	6	0
45	6	0
46	9	0
47	6	0
48	8	0
49	5	0
50	6	0
51	10	0
52	10	0
53	5	0
54	6	0
55	9	0
56	8	0
57	6	0
58	10	0
59	10	0
60	6	0
61	9	0
62	10	0
63	5	0
64	3	0
65	6	0
66	10	0
67	10	0
68	6	0
69	5	0
70	6	0
71	5	0
72	6	0
73	10	0
74	3	3
75	5	0
76	6	0
77	6	0
78	3	0
79	10	0
80	6	0
81	6	0
82	6	0
83	9	0
84	3	0
85	6	0
86	10	0
87	6	0
88	11	0
89	5	0
90	6	0
91	6	0
92	6	0
93	6	0
94	10	0
95	3	0
96	6	0
97	6	0
98	6	0
99	10	0
100	11	0
101	7	0
102	6	0
103	7	0
104	10	0
105	5	0
106	6	0
107	5	0
108	5	0
109	6	0
110	10	0
111	7	0
112	11	0
113	6	0
114	6	0
115	6	0
116	10	0
117	7	0
118	6	0
119	5	0
120	6	0
121	7	0
122	5	0
123	3	0
124	3	0
125	11	0
126	6	0
127	6	0
128	5	0
129	10	0
130	11	0
131	6	0
132	8	0
133	5	0
134	6	0
135	10	0
136	10	0
137	10	0
138	6	0
139	8	0
140	6	0
141	6	0
142	10	0
143	6	0
144	5	0
145	10	0
146	5	0
147	1	0
148	10	0
149	6	0
150	5	0
151	5	0
152	10	0
153	10	0
154	6	0
155	6	0
156	10	0
157	6	0
158	6	0
159	5	0
160	6	0
161	5	0
162	11	0
163	10	0
164	6	0
165	6	0
166	4	0
167	11	0
168	5	0
169	5	0
170	5	0
171	5	0
172	6	0
173	6	0
174	10	0
175	11	0
176	6	0
177	9	0
178	5	0
179	5	0
180	5	0
181	2	0
182	5	0
183	5	0
184	5	0
185	5	0
186	6	0
187	6	0
188	5	0
189	6	0
190	5	0
191	6	0
192	6	0
193	3	0
194	6	0
195	10	0
196	6	0
197	8	0
198	5	0
199	8	0
200	8	0
201	5	0
202	9	0
203	6	0
204	3	0
205	10	0
206	6	0
207	6	0
208	9	0
209	5	0
210	11	0
211	7	0
212	3	0
213	6	0
214	6	0
215	6	0
216	9	0
217	3	0
218	3	0
219	6	0
220	5	0
221	6	0
222	6	0
223	5	0
224	6	0
225	11	0
226	10	0
227	10	0
228	6	0
229	5	0
230	6	0
231	5	0
232	3	0
233	3	0
234	10	0
235	2	0
236	6	0
237	3	0
238	7	0
239	6	0
240	6	0
241	6	0
242	6	0
243	6	0
244	9	0
245	5	0
246	8	0
247	5	0
248	9	0
249	11	0
250	5	0
251	11	0
252	5	0
253	5	0
254	5	0
255	7	0
256	6	0
257	8	0
258	6	0
259	6	0
260	5	0
261	5	0
262	6	0
263	9	0
264	6	0
265	6	0
266	6	0
267	6	0
268	6	0
269	5	0
270	7	0
271	2	0
272	6	0
273	7	0
274	6	0
275	7	0
276	11	0
277	11	0
278	5	0
279	6	0
280	3	0
281	8	0
282	6	0
283	6	0
284	5	0
285	5	0
286	6	0
287	10	0
288	6	0
289	6	0
290	5	0
291	8	0
292	5	0
293	6	0
294	6	0
295	5	0
296	10	0
297	6	0
298	6	0
299	1	0
300	3	0
301	3	0
302	3	0
303	6	0
304	6	0
305	6	0
306	6	0
307	5	0
308	11	0
309	10	0
310	10	0
311	5	0
312	6	0
313	5	0
314	6	0
315	6	0
316	6	0
317	5	0
318	6	0
319	3	0
320	11	11
321	11	0
322	3	0
323	9	0
324	7	0
325	6	0
326	6	0
327	5	0
328	6	0
329	3	0
330	6	0
331	10	0
332	6	0
333	6	0
334	6	0
335	6	0
336	6	0
337	9	0
338	10	0
339	5	0
340	7	0
341	3	0
342	3	0
343	8	0
344	6	0
345	5	0
346	6	0
347	6	0
348	6	0
349	5	0
350	5	0
351	6	0
352	10	0
353	6	0
354	5	0
355	8	0
356	6	0
357	10	0
358	6	0
359	8	0
360	7	0
361	6	0
362	6	0
363	6	0
364	7	0
365	8	0
366	6	0
367	7	0
368	11	0
369	3	0
370	5	0
371	5	0
372	7	0
373	3	0
374	9	0
375	10	0
376	6	0
377	1	0
378	11	0
379	7	0
380	5	0
381	5	0
382	5	0
383	6	0
384	5	0
385	6	0
386	6	0
387	6	0
388	10	0
389	6	0
390	5	0
391	5	0
392	5	0
393	5	0
394	10	0
395	3	0
396	6	0
397	3	0
398	5	0
399	9	0
400	6	0
401	5	0
402	6	0
403	3	0
404	10	0
405	5	0
406	10	0
407	5	0
408	6	0
409	5	0
410	6	0
411	5	0
412	5	0
413	6	0
414	5	0
415	5	0
416	5	0
417	6	0
418	6	0
419	6	0
420	6	0
421	6	0
422	10	0
423	3	0
424	2	0
425	6	0
426	10	0
427	6	0
428	5	0
429	6	0
430	6	0
431	6	0
432	10	0
433	11	0
434	6	0
435	6	0
436	5	0
437	6	0
438	3	0
439	3	0
440	10	0
441	6	0
442	5	0
443	6	0
444	10	0
445	5	0
446	6	0
447	6	0
448	9	0
449	6	0
450	5	0
451	1	0
452	10	0
453	6	0
454	5	0
455	6	0
456	6	0
457	6	0
458	6	0
459	6	0
460	6	0
461	6	0
462	9	0
463	6	0
464	5	0
465	9	0
466	6	0
467	6	0
468	6	0
469	10	0
470	7	0
471	6	0
472	5	0
473	6	0
474	8	0
475	3	0
476	6	0
477	6	0
478	6	0
479	6	0
480	6	0
481	5	0
482	6	0
483	6	0
484	10	0
485	6	0
486	6	0
487	6	0
488	5	0
489	6	0
490	6	0
491	7	0
492	4	0
493	8	0
494	5	0
495	11	0
496	7	0
497	3	0
498	11	0
499	6	0
500	3	0
501	6	0
502	6	0
503	3	0
504	6	0
505	9	0
506	9	0
507	3	0
508	10	0
509	5	0
510	11	0
511	6	0
512	6	0
513	6	0
514	3	0
515	6	0
516	6	0
517	6	0
518	3	0
519	4	0
520	6	0
521	5	0
522	10	0
523	10	0
524	7	0
525	8	0
526	9	0
527	6	0
528	5	0
529	5	0
530	6	0
531	6	0
532	8	0
533	6	0
534	6	0
535	6	0
536	6	0
537	6	0
538	6	0
539	5	0
540	10	0
541	3	0
542	5	0
543	6	0
544	6	0
545	5	0
546	5	0
547	9	0
548	6	0
549	6	0
550	10	0
551	6	0
552	6	0
553	5	0
554	5	0
555	8	0
556	6	0
557	11	0
558	5	0
559	6	0
560	6	0
561	10	0
562	9	0
563	6	0
564	6	0
565	6	0
566	5	0
567	6	0
568	6	0
569	5	0
570	6	0
571	10	0
572	6	0
573	6	0
574	8	0
575	7	0
576	6	0
577	6	0
578	6	0
579	6	0
580	6	0
581	11	0
582	5	0
583	5	0
584	6	0
585	6	0
586	6	0
587	10	0
588	5	0
589	3	0
590	5	0
591	10	0
592	10	0
593	6	0
594	6	0
595	6	0
596	6	0
597	8	0
598	6	0
599	6	0
600	5	0
601	6	0
602	6	0
603	6	0
604	6	0
605	11	0
606	6	0
607	6	0
608	6	0
609	6	0
610	6	0
611	6	0
612	6	0
613	3	0
614	5	0
615	5	0
616	9	0
617	5	0
618	6	0
619	6	0
620	10	0
621	10	0
622	6	0
623	6	0
624	6	0
625	6	0
626	5	0
627	5	0
628	5	0
629	5	0
630	6	0
631	5	0
632	3	0
633	5	0
634	9	0
635	1	0
636	6	0
637	9	0
638	6	0
639	5	0
640	10	0
641	5	0
642	5	0
643	5	0
644	5	0
645	8	0
646	11	0
647	5	0
648	6	0
649	3	0
650	5	0
651	6	0
652	6	0
653	6	0
654	5	0
655	9	0
656	10	0
657	6	0
658	5	0
659	11	11
660	5	0
661	2	0
662	6	0
663	6	0
664	6	0
665	5	0
666	5	0
667	6	0
668	5	0
669	3	0
670	3	0
671	8	0
672	6	0
673	9	0
674	5	0
675	6	0
676	5	0
677	10	0
678	6	0
679	10	0
680	10	0
681	5	0
682	10	0
683	6	0
684	9	0
685	11	0
686	6	0
687	6	0
688	5	0
689	11	0
690	9	0
691	3	0
692	10	0
693	6	0
694	6	0
695	6	0
696	5	0
697	8	0
698	5	0
699	8	0
700	6	0
701	3	0
702	5	0
703	10	0
704	6	0
705	5	0
706	6	0
707	10	0
708	3	0
709	6	0
710	5	0
711	5	0
712	6	0
713	6	0
714	11	11
715	6	0
716	9	0
717	5	0
718	6	0
719	5	0
720	9	0
721	5	0
722	5	0
723	3	0
724	11	0
725	2	0
726	5	0
727	6	0
728	6	0
729	6	0
730	9	0
731	6	0
732	6	0
733	6	0
734	5	0
735	5	0
736	5	0
737	5	0
738	10	0
739	6	0
740	7	0
741	6	0
742	10	0
743	10	0
744	7	0
745	5	0
746	5	0
747	6	0
748	6	0
749	11	0
750	6	0
751	6	0
752	5	0
753	5	0
754	11	0
755	5	0
756	10	0
757	6	0
758	10	0
759	6	0
760	5	0
761	10	0
762	5	0
763	5	0
764	6	0
765	6	0
766	10	0
767	5	0
768	6	0
769	6	0
770	11	0
771	6	0
772	7	0
773	6	0
774	5	0
775	6	0
776	8	0
777	6	0
778	6	0
779	6	0
780	10	0
781	6	0
782	6	0
783	10	0
784	9	0
785	5	0
786	6	0
787	6	0
788	6	0
789	5	0
790	5	0
791	6	0
792	9	0
793	3	0
794	5	0
795	5	0
796	6	0
797	5	0
798	6	0
799	6	0
800	9	0
801	5	0
802	10	0
803	6	0
804	10	0
805	6	0
806	9	0
807	11	0
808	10	0
809	5	0
810	6	0
811	6	0
812	10	0
813	5	0
814	6	0
815	5	0
816	7	0
817	6	0
818	11	0
819	6	0
820	5	0
821	6	0
822	7	0
823	7	0
824	9	0
825	7	0
826	10	0
827	5	0
828	6	0
829	3	0
830	6	0
831	6	0
832	3	0
833	4	4
834	9	0
835	6	0
836	5	0
837	7	0
838	11	0
839	6	0
840	5	0
841	11	0
842	5	0
843	10	0
844	5	0
845	5	0
846	6	0
847	9	0
848	3	0
849	6	0
850	3	0
851	5	0
852	6	0
853	5	0
854	5	0
855	10	0
856	5	0
857	9	0
858	10	0
859	7	0
860	5	0
861	10	0
862	10	0
863	11	0
864	5	5
865	5	0
866	5	0
867	3	0
868	3	0
869	6	0
870	8	8
871	9	0
872	3	0
873	8	0
874	5	0
875	3	0
876	10	0
877	11	0
878	10	0
879	9	0
880	6	0
881	6	0
882	5	0
883	6	0
884	5	0
885	8	0
886	6	0
887	11	0
888	6	0
889	5	0
890	6	0
891	6	0
892	6	0
893	6	0
894	5	0
895	6	0
896	6	0
897	5	0
898	11	0
899	5	0
900	8	0
901	6	0
902	6	0
903	5	0
904	10	0
905	6	0
906	8	0
907	8	0
908	11	0
909	6	0
910	8	0
911	6	0
912	6	0
913	6	0
914	6	0
915	1	0
916	10	0
917	9	0
918	6	0
919	6	0
920	10	0
921	5	0
922	5	0
923	6	0
924	5	0
925	7	0
926	6	0
927	6	0
928	6	0
929	10	0
930	1	0
931	5	0
932	5	0
933	6	0
934	6	0
935	5	0
936	5	0
937	6	0
938	6	0
939	5	0
940	5	0
941	6	0
942	6	0
943	6	0
944	3	0
945	6	0
946	11	0
947	10	0
948	5	0
949	5	0
950	7	0
951	7	0
952	5	0
953	6	0
954	6	0
955	9	0
956	6	0
957	11	0
958	5	0
959	6	0
960	8	0
961	10	0
962	5	0
963	6	0
964	8	0
965	6	0
966	6	0
967	2	0
968	10	0
969	10	0
970	5	0
971	6	0
972	6	0
973	7	0
974	5	0
975	10	0
976	10	0
977	3	0
978	7	0
979	11	0
980	7	0
981	6	0
982	3	0
983	5	0
984	6	0
985	6	0
986	6	0
987	3	0
988	6	0
989	10	0
990	5	0
991	5	0
992	9	0
993	6	0
994	5	0
995	6	0
996	11	0
997	10	0
998	6	0
999	6	0
1000	6	0
1001	1	0
1002	3	0
1003	5	0
1004	6	0
1005	5	0
1006	5	0
1007	6	0
1008	6	0
1009	10	0
1010	6	0
1011	10	0
1012	6	0
1013	9	0
1014	6	0
1015	11	0
1016	9	0
1017	6	0
1018	9	0
1019	6	0
1020	6	0
1021	1	0
1022	5	0
1023	6	0
1024	6	0
1025	5	0
1026	5	0
1027	7	0
1028	6	0
1029	6	0
1030	10	0
1031	6	0
1032	5	0
1033	5	0
1034	5	0
1035	11	0
1036	6	0
1037	11	0
1038	6	0
1039	6	0
1040	7	0
1041	7	0
1042	5	0
1043	6	0
1044	6	0
1045	7	0
1046	5	0
1047	10	0
1048	6	0
1049	9	0
1050	6	0
1051	7	0
1052	7	0
1053	10	0
1054	6	0
1055	6	0
1056	8	0
1057	7	0
1058	5	0
1059	6	0
1060	9	0
1061	6	0
1062	5	0
1063	11	0
1064	3	0
1065	11	0
1066	3	0
1067	7	0
1068	7	0
1069	6	0
1070	6	0
1071	6	0
1072	6	0
1073	6	0
1074	7	0
1075	3	0
1076	6	0
1077	11	0
1078	7	0
1079	5	0
1080	9	0
1081	10	0
1082	5	0
1083	6	0
1084	11	0
1085	6	0
1086	5	0
1087	6	0
1088	11	0
1089	5	0
1090	6	0
1091	5	0
1092	6	0
1093	5	0
1094	6	0
1095	6	0
1096	6	0
1097	5	0
1098	6	0
1099	6	0
1100	6	0
1101	6	0
1102	5	0
1103	9	0
1104	5	0
1105	3	0
1106	6	0
1107	10	0
1108	6	0
1109	6	0
1110	5	0
1111	6	0
1112	5	0
1113	6	0
1114	10	0
1115	5	0
1116	6	0
1117	11	0
1118	6	0
1119	7	0
1120	6	0
1121	3	0
1122	6	0
1123	10	0
1124	6	0
1125	1	0
1126	5	0
1127	5	0
1128	8	0
1129	7	0
1130	6	0
1131	6	0
1132	6	0
1133	5	0
1134	3	0
1135	10	0
1136	5	0
1137	6	0
1138	6	0
1139	10	0
1140	3	0
1141	7	0
1142	6	0
1143	6	0
1144	6	0
1145	6	0
1146	5	0
1147	6	0
1148	6	0
1149	6	0
1150	7	0
1151	6	0
1152	8	0
1153	8	0
1154	6	0
1155	6	0
1156	7	0
1157	6	0
1158	5	0
1159	5	0
1160	7	0
1161	5	5
1162	5	0
1163	5	0
1164	5	0
1165	6	0
1166	6	0
1167	6	0
1168	7	0
1169	8	0
1170	5	0
1171	6	0
1172	5	0
1173	5	0
1174	11	0
1175	8	0
1176	6	0
1177	6	0
1178	5	0
1179	11	0
1180	6	0
1181	6	0
1182	11	0
1183	6	0
1184	5	0
1185	2	0
1186	3	0
1187	11	0
1188	11	0
1189	7	0
1190	6	0
1191	5	0
1192	10	0
1193	10	0
1194	6	6
1195	3	0
1196	6	0
1197	5	0
1198	6	0
1199	9	0
1200	6	0
1201	6	0
1202	6	0
1203	6	0
1204	5	0
1205	6	0
1206	11	0
1207	5	0
1208	5	0
1209	6	0
1210	5	0
1211	6	0
1212	6	0
1213	6	0
1214	6	0
1215	11	0
1216	5	0
1217	6	0
1218	5	0
1219	11	0
1220	6	0
1221	6	0
1222	10	0
1223	7	0
1224	6	0
1225	6	0
1226	6	0
1227	7	0
1228	6	0
1229	5	0
1230	6	0
1231	6	0
1232	6	0
1233	7	0
1234	5	0
1235	5	0
1236	3	0
1237	9	0
1238	6	0
1239	9	0
1240	3	0
1241	6	0
1242	10	0
1243	8	0
1244	5	0
1245	6	0
1246	7	0
1247	7	0
1248	5	0
1249	10	0
1250	3	0
1251	5	0
1252	6	0
1253	7	0
1254	10	0
1255	6	0
1256	6	0
1257	10	0
1258	5	0
1259	7	0
1260	5	0
1261	7	0
1262	6	0
1263	10	0
1264	3	0
1265	10	0
1266	11	0
1267	11	0
1268	6	0
1269	10	0
1270	6	0
1271	9	0
1272	6	0
1273	6	0
1274	7	0
1275	6	0
1276	6	0
1277	5	0
1278	2	0
1279	2	0
1280	6	0
1281	6	0
1282	11	0
1283	10	0
1284	6	0
1285	5	0
1286	10	10
1287	7	0
1288	6	0
1289	11	0
1290	10	0
1291	6	0
1292	5	0
1293	6	0
1294	6	0
1295	6	0
1296	6	0
1297	6	0
1298	6	0
1299	6	0
1300	3	0
1301	10	0
1302	5	0
1303	7	0
1304	7	0
1305	5	0
1306	5	0
1307	2	0
1308	3	0
1309	8	0
1310	6	0
1311	10	0
1312	8	0
1313	6	0
1314	7	0
1315	6	0
1316	9	0
1317	6	0
1318	11	0
1319	6	0
1320	5	0
1321	6	0
1322	3	0
1323	11	0
1324	6	0
1325	5	0
1326	9	0
1327	6	0
1328	10	0
1329	10	0
1330	11	0
1331	6	0
1332	9	0
1333	10	0
1334	6	0
1335	6	0
1336	9	0
1337	10	0
1338	6	0
1339	5	0
1340	5	0
1341	6	0
1342	6	0
1343	10	0
1344	11	0
1345	5	0
1346	7	0
1347	5	0
1348	2	0
1349	9	0
1350	6	0
1351	7	0
1352	6	0
1353	5	0
1354	6	0
1355	11	0
1356	7	0
1357	7	7
1358	5	0
1359	5	0
1360	10	0
1361	5	0
1362	10	0
1363	10	0
1364	9	0
1365	6	0
1366	7	0
1367	6	0
1368	7	0
1369	5	0
1370	6	0
1371	5	0
1372	6	0
1373	6	0
1374	5	0
1375	5	0
1376	6	0
1377	8	0
1378	10	0
1379	6	0
1380	3	0
1381	5	0
1382	5	0
1383	5	0
1384	5	0
1385	11	0
1386	5	0
1387	6	0
1388	7	0
1389	9	0
1390	4	0
1391	4	0
1392	8	0
1393	6	0
1394	6	0
1395	6	0
1396	6	0
1397	5	0
1398	5	0
1399	11	0
1400	9	0
1401	5	0
1402	6	0
1403	8	0
1404	10	0
1405	7	0
1406	5	0
1407	6	0
1408	6	0
1409	10	0
1410	11	0
1411	5	0
1412	6	0
1413	6	0
1414	10	0
1415	6	0
1416	3	0
1417	6	0
1418	10	0
1419	6	0
1420	9	0
1421	5	0
1422	10	0
1423	6	0
1424	5	0
1425	6	0
1426	6	0
1427	5	0
1428	6	0
1429	9	0
1430	10	0
1431	9	0
1432	5	0
1433	5	0
1434	5	0
1435	6	0
1436	6	0
1437	6	0
1438	7	0
1439	10	0
1440	10	0
1441	10	0
1442	10	0
1443	11	0
1444	5	0
1445	6	0
1446	6	0
1447	6	0
1448	6	0
1449	10	0
1450	7	0
1451	5	0
1452	11	0
1453	6	0
1454	5	0
1455	6	0
1456	6	0
1457	6	0
1458	3	0
1459	6	0
1460	6	0
1461	5	0
1462	8	0
1463	10	0
1464	5	0
1465	5	0
1466	10	0
1467	6	0
1468	5	0
1469	6	0
1470	6	0
1471	5	0
1472	11	0
1473	5	0
1474	10	0
1475	6	0
1476	5	0
1477	5	0
1478	5	0
1479	6	0
1480	6	0
1481	5	0
1482	6	0
1483	6	0
1484	1	0
1485	6	0
1486	3	0
1487	10	0
1488	8	0
1489	5	0
1490	5	0
1491	6	0
1492	3	0
1493	10	0
1494	6	0
1495	3	0
1496	6	0
1497	5	0
1498	9	0
1499	6	0
1500	5	0
1501	7	0
1502	6	0
1503	5	0
1504	5	0
1505	5	0
1506	6	0
1507	3	0
1508	6	0
1509	3	0
1510	10	0
1511	5	0
1512	6	0
1513	8	0
1514	7	0
1515	7	0
1516	10	0
1517	6	0
1518	6	0
1519	6	0
1520	6	0
1521	10	0
1522	6	0
1523	3	0
1524	6	0
1525	6	0
1526	6	0
1527	9	0
1528	6	0
1529	5	0
1530	8	0
1531	6	0
1532	5	0
1533	6	0
1534	6	0
1535	6	0
1536	9	0
1537	5	0
1538	5	0
1539	6	0
1540	6	0
1541	10	0
1542	3	0
1543	6	0
1544	5	0
1545	10	0
1546	6	0
1547	8	0
1548	10	0
1549	3	0
1550	6	0
1551	5	0
1552	5	0
1553	6	0
1554	5	0
1555	6	0
1556	3	0
1557	6	0
1558	9	0
1559	10	0
1560	5	0
1561	3	0
1562	10	0
1563	6	0
1564	6	0
1565	6	0
1566	6	0
1567	6	0
1568	5	0
1569	11	0
1570	11	0
1571	11	0
1572	10	0
1573	5	0
1574	5	0
1575	6	0
1576	6	0
1577	4	0
1578	6	0
1579	6	0
1580	3	0
1581	6	0
1582	9	0
1583	5	0
1584	5	0
1585	5	0
1586	10	0
1587	5	0
1588	6	0
1589	6	0
1590	11	0
1591	6	0
1592	10	0
1593	6	0
1594	10	0
1595	6	0
1596	11	0
1597	7	0
1598	5	0
1599	1	0
1600	5	0
1601	5	0
1602	5	0
1603	6	0
1604	5	0
1605	3	0
1606	9	0
1607	6	0
1608	6	0
1609	6	0
1610	6	0
1611	6	0
1612	11	0
1613	6	0
1614	6	0
1615	6	0
1616	11	0
1617	7	0
1618	5	0
1619	5	0
1620	8	0
1621	9	0
1622	10	0
1623	6	0
1624	6	0
1625	6	0
1626	5	0
1627	6	0
1628	6	0
1629	5	0
1630	5	0
1631	5	0
1632	10	0
1633	6	0
1634	11	0
1635	5	0
1636	5	0
1637	6	0
1638	9	0
1639	6	0
1640	9	0
1641	6	0
1642	10	0
1643	5	0
1644	10	10
1645	5	0
1646	6	0
1647	6	0
1648	9	0
1649	5	0
1650	10	0
1651	6	0
1652	6	0
1653	10	0
1654	6	0
1655	6	0
1656	8	8
1657	5	0
1658	4	0
1659	5	0
1660	5	0
1661	6	0
1662	5	0
1663	6	0
1664	6	0
1665	3	0
1666	6	0
1667	5	0
1668	10	0
1669	8	0
1670	5	0
1671	5	0
1672	6	0
1673	5	0
1674	3	0
1675	6	0
1676	6	0
1677	10	0
1678	3	0
1679	11	0
1680	6	0
1681	11	0
1682	6	0
1683	10	0
1684	10	0
1685	5	0
1686	10	0
1687	1	0
1688	5	0
1689	10	0
1690	6	0
1691	7	0
1692	6	0
1693	5	0
1694	6	0
1695	9	9
1696	10	0
1697	3	0
1698	9	0
1699	5	0
1700	5	0
1701	6	0
1702	8	0
1703	5	0
1704	6	0
1705	6	0
1706	2	0
1707	6	0
1708	9	0
1709	10	0
1710	8	0
1711	6	0
1712	7	0
1713	6	0
1714	5	0
1715	6	0
1716	6	0
1717	6	0
1718	6	0
1719	5	0
1720	6	0
1721	6	0
1722	6	0
1723	10	10
1724	11	0
1725	5	0
1726	6	0
1727	11	0
1728	6	0
1729	6	0
1730	5	0
1731	7	0
1732	6	0
1733	5	0
1734	10	0
1735	10	0
1736	6	0
1737	10	0
1738	6	0
1739	6	0
1740	7	0
1741	3	0
1742	5	0
1743	6	0
1744	3	0
1745	10	0
1746	6	0
1747	8	0
1748	6	0
1749	6	0
1750	6	0
1751	7	0
1752	6	0
1753	5	0
1754	6	0
1755	6	0
1756	5	0
1757	6	0
1758	5	0
1759	6	0
1760	9	0
1761	5	0
1762	6	0
1763	6	0
1764	5	0
1765	9	0
1766	10	0
1767	7	0
1768	9	0
1769	5	0
1770	6	0
1771	10	0
1772	6	0
1773	4	0
1774	8	0
1775	6	0
1776	5	0
1777	6	0
1778	5	0
1779	10	0
1780	10	0
1781	10	0
1782	9	0
1783	6	0
1784	3	0
1785	6	0
1786	6	0
1787	8	0
1788	5	0
1789	5	0
1790	5	0
1791	5	0
1792	5	0
1793	5	0
1794	10	0
1795	9	0
1796	5	0
1797	6	0
1798	6	0
1799	6	0
1800	6	0
1801	7	0
1802	6	0
1803	5	0
1804	6	0
1805	6	0
1806	5	0
1807	6	0
1808	3	0
1809	5	0
1810	3	0
1811	9	0
1812	6	0
1813	6	0
1814	6	0
1815	6	0
1816	6	0
1817	3	0
1818	6	0
1819	3	0
1820	11	0
1821	11	0
1822	11	0
1823	5	0
1824	6	0
1825	5	0
1826	6	0
1827	6	0
1828	3	0
1829	6	0
1830	1	0
1831	1	0
1832	6	0
1833	5	0
1834	5	0
1835	6	0
1836	6	0
1837	6	0
1838	6	0
1839	7	0
1840	5	0
1841	6	0
1842	6	0
1843	11	0
1844	11	0
1845	6	0
1846	6	0
1847	6	0
1848	5	0
1849	6	0
1850	6	0
1851	6	0
1852	6	0
1853	6	0
1854	6	0
1855	5	0
1856	6	0
1857	7	0
1858	7	0
1859	6	0
1860	5	0
1861	10	0
1862	3	0
1863	11	0
1864	5	0
1865	10	0
1866	6	0
1867	5	0
1868	6	0
1869	5	0
1870	6	0
1871	10	0
1872	10	10
1873	10	0
1874	5	0
1875	10	0
1876	6	0
1877	6	0
1878	11	0
1879	6	0
1880	6	0
1881	6	0
1882	6	0
1883	5	0
1884	6	0
1885	6	0
1886	6	0
1887	6	0
1888	9	0
1889	9	0
1890	6	0
1891	6	0
1892	3	0
1893	5	0
1894	8	0
1895	6	0
1896	6	0
1897	9	0
1898	5	0
1899	9	0
1900	6	0
1901	11	0
1902	5	0
1903	3	0
1904	5	0
1905	5	0
1906	6	0
1907	6	0
1908	6	0
1909	9	0
1910	6	0
1911	6	0
1912	3	0
1913	3	0
1914	3	0
1915	6	0
1916	6	0
1917	10	0
1918	6	0
1919	6	0
1920	6	0
1921	5	0
1922	5	0
1923	10	0
1924	6	0
1925	3	0
1926	11	0
1927	6	0
1928	3	0
1929	3	0
1930	3	0
1931	6	0
1932	11	0
1933	6	0
1934	6	0
1935	5	0
1936	10	0
1937	10	0
1938	6	0
1939	6	0
1940	9	0
1941	7	0
1942	9	0
1943	1	0
1944	3	0
1945	3	0
1946	6	0
1947	5	0
1948	11	0
1949	11	0
1950	10	0
1951	10	0
1952	6	0
1953	3	0
1954	5	0
1955	7	0
1956	5	0
1957	6	0
1958	5	0
1959	6	0
1960	10	0
1961	5	0
1962	6	0
1963	6	0
1964	6	0
1965	6	0
1966	3	0
1967	10	0
1968	3	0
1969	10	0
1970	6	0
1971	5	0
1972	5	0
1973	5	0
1974	6	0
1975	5	0
1976	6	0
1977	6	0
1978	6	0
1979	1	0
1980	6	0
1981	6	0
1982	5	0
1983	10	0
1984	9	0
1985	5	0
1986	10	0
1987	6	0
1988	3	0
1989	3	0
1990	6	0
1991	6	0
1992	10	0
1993	6	0
1994	10	0
1995	6	0
1996	6	0
1997	6	0
1998	5	0
1999	1	0
2000	6	0
2001	6	0
2002	10	0
2003	10	0
2004	5	0
2005	10	0
2006	6	0
2007	5	0
2008	6	0
2009	6	0
2010	5	0
2011	3	0
2012	11	0
2013	11	0
2014	6	0
2015	6	0
2016	6	0
2017	3	0
2018	10	0
2019	10	0
2020	6	0
2021	11	0
2022	3	0
2023	5	0
2024	10	0
2025	6	0
2026	5	0
2027	8	0
2028	6	0
2029	6	0
2030	5	0
2031	6	0
2032	5	0
2033	5	0
2034	5	0
2035	10	0
2036	6	0
2037	6	0
2038	7	0
2039	5	0
2040	6	0
2041	5	0
2042	8	0
2043	6	0
2044	6	0
2045	6	0
2046	5	0
2047	5	0
2048	5	0
2049	2	0
2050	5	0
2051	7	0
2052	11	0
2053	6	0
2054	6	0
2055	11	0
2056	6	0
2057	3	0
2058	6	0
2059	11	0
2060	5	0
2061	6	0
2062	6	0
2063	5	0
2064	10	0
2065	5	0
2066	7	0
2067	6	0
2068	6	0
2069	6	0
2070	5	0
2071	5	0
2072	5	0
2073	6	0
2074	6	0
2075	6	0
2076	6	0
2077	6	0
2078	5	0
2079	6	0
2080	3	0
2081	6	0
2082	6	0
2083	6	0
2084	11	0
2085	8	0
2086	7	0
2087	5	0
2088	6	0
2089	10	0
2090	9	0
2091	7	0
2092	5	0
2093	5	0
2094	6	0
2095	11	0
2096	10	0
2097	1	0
2098	6	0
2099	5	0
2100	5	0
2101	5	0
2102	6	0
2103	6	0
2104	5	0
2105	5	0
2106	5	0
2107	4	0
2108	5	0
2109	6	0
2110	9	0
2111	7	0
2112	6	0
2113	5	0
2114	9	0
2115	5	0
2116	5	0
2117	6	0
2118	6	0
2119	6	0
2120	6	0
2121	6	0
2122	5	0
2123	5	0
2124	6	0
2125	6	0
2126	6	0
2127	6	0
2128	6	0
2129	5	0
2130	6	0
2131	3	0
2132	3	0
2133	5	0
2134	5	0
2135	5	0
2136	5	0
2137	10	0
2138	6	0
2139	6	0
2140	6	0
2141	1	0
2142	6	0
2143	6	0
2144	6	0
2145	5	0
2146	3	0
2147	6	0
2148	6	0
2149	6	0
2150	5	0
2151	5	0
2152	5	0
2153	5	0
2154	3	0
2155	6	0
2156	6	0
2157	7	0
2158	6	0
2159	3	0
2160	9	0
2161	5	0
2162	11	0
2163	5	0
2164	11	0
2165	6	0
2166	6	0
2167	10	0
2168	6	0
2169	6	0
2170	6	0
2171	6	0
2172	10	0
2173	6	0
2174	5	0
2175	6	0
2176	6	0
2177	11	0
2178	5	0
2179	5	0
2180	5	0
2181	6	0
2182	10	0
2183	6	0
2184	5	0
2185	6	0
2186	10	0
2187	6	0
2188	10	0
2189	6	0
2190	6	0
2191	9	0
2192	6	0
2193	3	0
2194	6	0
2195	10	0
2196	7	0
2197	5	0
2198	5	0
2199	5	0
2200	5	0
2201	10	0
2202	3	0
2203	6	0
2204	6	0
2205	6	0
2206	6	0
2207	10	0
2208	6	0
2209	9	0
2210	8	0
2211	6	0
2212	6	0
2213	5	0
2214	1	0
2215	5	0
2216	11	0
2217	11	0
2218	11	0
2219	11	0
2220	6	0
2221	5	0
2222	6	0
2223	5	0
2224	5	0
2225	11	0
2226	5	0
2227	7	0
2228	6	0
2229	5	0
2230	3	0
2231	5	0
2232	6	0
2233	5	0
2234	9	0
2235	9	0
2236	5	0
2237	6	0
2238	11	0
2239	5	0
2240	5	0
2241	5	0
2242	6	0
2243	6	0
2244	6	0
2245	10	0
2246	3	0
2247	6	0
2248	5	0
2249	5	0
2250	6	0
2251	6	0
2252	10	0
2253	11	0
2254	5	0
2255	8	0
2256	10	0
2257	7	0
2258	6	0
2259	8	0
2260	9	0
2261	5	0
2262	5	0
2263	5	0
2264	6	0
2265	5	0
2266	5	0
2267	3	0
2268	1	0
2269	11	0
2270	5	0
2271	6	0
2272	8	0
2273	5	0
2274	5	0
2275	6	0
2276	11	0
2277	6	0
2278	5	0
2279	5	0
2280	6	0
2281	9	0
2282	6	0
2283	6	0
2284	7	0
2285	7	0
2286	5	0
2287	6	0
2288	5	0
2289	6	0
2290	6	0
2291	3	0
2292	5	0
2293	6	0
2294	10	0
2295	6	0
2296	5	0
2297	6	0
2298	6	0
2299	6	0
2300	10	0
2301	5	0
2302	7	0
2303	5	0
2304	6	0
2305	5	0
2306	8	0
2307	5	0
2308	10	0
2309	5	0
2310	5	0
2311	7	0
2312	6	0
2313	5	0
2314	5	0
2315	5	0
2316	5	0
2317	6	0
2318	6	0
2319	5	0
2320	9	0
2321	5	0
2322	4	0
2323	3	0
2324	10	0
2325	6	0
2326	6	0
2327	5	0
2328	7	0
2329	5	0
2330	9	0
2331	3	0
2332	5	0
2333	5	0
2334	10	0
2335	5	0
2336	8	0
2337	8	0
2338	11	0
2339	5	0
2340	5	0
2341	6	0
2342	6	0
2343	5	0
2344	6	0
2345	5	0
2346	6	0
2347	10	0
2348	6	0
2349	6	0
2350	6	0
2351	10	0
2352	6	0
2353	5	0
2354	5	0
2355	5	0
2356	1	0
2357	9	0
2358	6	0
2359	6	0
2360	6	0
2361	5	0
2362	6	0
2363	6	0
2364	3	0
2365	10	0
2366	10	0
2367	6	0
2368	6	0
2369	10	0
2370	6	0
2371	6	0
2372	6	0
2373	6	0
2374	10	0
2375	10	0
2376	5	0
2377	5	0
2378	5	0
2379	5	0
2380	7	0
2381	11	11
2382	5	0
2383	5	0
2384	5	0
2385	7	0
2386	6	0
2387	6	0
2388	6	0
2389	3	0
2390	9	0
2391	5	0
2392	11	0
2393	8	0
2394	6	0
2395	6	0
2396	6	0
2397	5	0
2398	6	0
2399	6	0
2400	5	0
2401	6	0
2402	6	0
2403	6	0
2404	6	0
2405	8	0
2406	10	0
2407	6	0
2408	11	0
2409	11	0
2410	11	0
2411	6	0
2412	3	0
2413	7	0
2414	10	0
2415	5	0
2416	5	0
2417	6	0
2418	6	0
2419	5	0
2420	6	0
2421	6	0
2422	8	0
2423	5	0
2424	6	0
2425	6	0
2426	7	0
2427	5	0
2428	6	0
2429	6	0
2430	8	0
2431	3	0
2432	10	0
2433	10	0
2434	6	0
2435	9	0
2436	6	0
2437	6	0
2438	7	0
2439	5	0
2440	5	0
2441	9	0
2442	10	0
2443	5	0
2444	6	0
2445	9	0
2446	6	0
2447	10	0
2448	7	0
2449	11	0
2450	10	0
2451	3	0
2452	11	0
2453	6	0
2454	6	0
2455	6	0
2456	8	0
2457	3	0
2458	6	0
2459	9	0
2460	6	0
2461	7	0
2462	7	0
2463	3	0
2464	6	0
2465	11	0
2466	6	0
2467	9	0
2468	6	0
2469	5	0
2470	5	0
2471	9	0
2472	10	0
2473	10	0
2474	11	0
2475	6	0
2476	7	0
2477	5	0
2478	9	0
2479	6	0
2480	5	0
2481	6	0
2482	6	0
2483	6	0
2484	7	0
2485	7	0
2486	5	0
2487	7	0
2488	5	0
2489	3	0
2490	6	0
2491	6	0
2492	5	0
2493	10	10
2494	6	0
2495	6	0
2496	5	0
2497	6	0
2498	5	0
2499	5	0
2500	6	0
2501	6	0
2502	6	0
2503	7	0
2504	7	0
2505	3	0
2506	6	0
2507	5	0
2508	11	0
2509	11	0
2510	6	0
2511	5	0
2512	6	0
2513	6	0
2514	6	0
2515	6	0
2516	6	0
2517	6	0
2518	8	0
2519	11	0
2520	5	0
2521	7	0
2522	5	0
2523	11	0
2524	10	0
2525	5	0
2526	6	0
2527	6	0
2528	6	0
2529	6	0
2530	6	0
2531	7	0
2532	6	0
2533	10	0
2534	6	0
2535	11	0
2536	3	0
2537	5	0
2538	6	0
2539	6	0
2540	10	0
2541	6	0
2542	6	0
2543	6	0
2544	7	0
2545	6	0
2546	5	0
2547	7	0
2548	5	0
2549	6	0
2550	10	0
2551	3	0
2552	5	0
2553	6	0
2554	6	0
2555	5	0
2556	11	0
2557	6	0
2558	5	0
2559	5	0
2560	6	0
2561	9	0
2562	6	0
2563	6	0
2564	6	0
2565	10	0
2566	10	0
2567	10	0
2568	8	0
2569	6	0
2570	6	0
2571	10	0
2572	10	0
2573	6	0
2574	3	0
2575	8	0
2576	6	0
2577	7	0
2578	6	0
2579	5	0
2580	5	0
2581	5	0
2582	7	0
2583	6	0
2584	6	0
2585	6	0
2586	6	0
2587	6	0
2588	8	0
2589	8	0
2590	9	0
2591	10	0
2592	6	0
2593	6	0
2594	5	0
2595	9	0
2596	10	0
2597	6	0
2598	5	0
2599	6	0
2600	7	0
2601	8	0
2602	10	0
2603	11	0
2604	10	0
2605	8	0
2606	6	0
2607	6	0
2608	6	0
2609	5	0
2610	5	0
2611	11	0
2612	6	0
2613	11	0
2614	7	0
2615	10	0
2616	10	0
2617	9	0
2618	6	0
2619	7	0
2620	6	0
2621	6	0
2622	10	0
2623	4	0
2624	11	0
2625	6	0
2626	6	0
2627	3	0
2628	10	0
2629	6	0
2630	8	0
2631	11	0
2632	9	0
2633	11	11
2634	11	0
2635	3	0
2636	5	0
2637	6	0
2638	6	0
2639	11	0
2640	11	0
2641	6	0
2642	6	0
2643	8	0
2644	11	0
2645	10	0
2646	9	0
2647	7	0
2648	11	0
2649	8	0
2650	11	0
2651	8	0
2652	11	0
2653	8	0
2654	10	0
2655	6	0
2656	11	11
2657	5	0
2658	5	0
2659	5	0
2660	6	0
2661	11	0
2662	5	0
2663	7	0
2664	10	0
2665	6	0
2666	6	0
2667	6	0
2668	7	0
2669	11	0
2670	7	0
2671	5	0
2672	2	0
2673	8	0
2674	2	0
2675	6	0
2676	6	0
2677	10	0
2678	5	0
2679	5	0
2680	11	0
2681	9	0
2682	9	0
2683	8	0
2684	5	0
2685	10	0
2686	6	0
2687	10	0
2688	11	0
2689	7	0
2690	10	0
2691	10	0
2692	7	0
2693	5	0
2694	11	0
2695	10	0
2696	11	0
2697	6	0
2698	6	0
2699	7	0
2700	6	0
2701	6	0
2702	5	0
2703	5	0
2704	3	0
2705	5	0
2706	6	0
2707	5	0
2708	11	0
2709	5	0
2710	6	0
2711	5	0
2712	5	0
2713	8	0
2714	6	0
2715	4	0
2716	6	0
2717	11	0
2718	5	0
2719	10	0
2720	5	0
2721	5	0
2722	10	0
2723	3	0
2724	6	0
2725	7	0
2726	6	0
2727	11	0
2728	6	0
2729	9	0
2730	6	0
2731	6	0
2732	5	0
2733	6	0
2734	5	0
2735	5	0
2736	6	0
2737	3	0
2738	5	0
2739	6	0
2740	5	0
2741	11	0
2742	3	0
2743	11	0
2744	5	0
2745	6	0
2746	5	0
2747	3	0
2748	6	0
2749	6	0
2750	11	0
2751	8	0
2752	6	0
2753	7	0
2754	6	0
2755	6	0
2756	11	0
2757	5	0
2758	3	0
2759	7	0
2760	7	0
2761	5	0
2762	4	0
2763	7	0
2764	5	0
2765	6	0
2766	6	0
2767	5	0
2768	6	0
2769	7	0
2770	3	0
2771	6	0
2772	6	0
2773	8	0
2774	10	0
2775	6	0
2776	7	0
2777	11	0
2778	11	0
2779	5	0
2780	5	0
2781	3	0
2782	11	0
2783	6	0
2784	5	0
2785	9	0
2786	6	0
2787	10	0
2788	6	0
2789	6	0
2790	10	10
2791	11	0
2792	6	0
2793	10	0
2794	10	0
2795	6	0
2796	1	0
2797	6	0
2798	6	0
2799	6	0
2800	2	0
2801	3	0
2802	5	0
2803	11	0
2804	8	0
2805	6	0
2806	5	0
2807	5	0
2808	11	0
2809	10	0
2810	7	0
2811	8	0
2812	9	0
2813	5	0
2814	5	0
2815	5	0
2816	5	0
2817	8	0
2818	6	0
2819	5	0
2820	11	0
2821	5	0
2822	3	0
2823	10	0
2824	6	0
2825	5	0
2826	10	0
2827	5	0
2828	10	0
2829	6	0
2830	5	0
2831	8	0
2832	5	0
2833	10	0
2834	9	0
2835	7	0
2836	4	0
2837	9	0
2838	9	0
2839	6	0
2840	10	0
2841	9	0
2842	6	0
2843	9	0
2844	6	0
2845	5	0
2846	5	0
2847	8	0
2848	1	0
2849	6	0
2850	5	0
2851	5	0
2852	8	0
2853	6	0
2854	6	0
2855	5	0
2856	7	0
2857	10	0
2858	5	0
2859	10	0
2860	9	0
2861	11	0
2862	6	0
2863	6	0
2864	6	0
2865	6	0
2866	10	0
2867	5	0
2868	6	0
2869	8	0
2870	7	0
2871	8	0
2872	6	0
2873	5	0
2874	6	0
2875	5	0
2876	5	0
2877	6	0
2878	8	0
2879	6	0
