63.5299 0.0000
76.9240 0.0000
329.5280 0.0000
122.5305 0.0000
129.4073 0.0000
191.2845 0.0000
99.9120 0.0000
222.1276 0.0000
145.2044 0.0000
138.8108 0.0000
100.6160 0.0000
91.6912 0.0000
103.6392 0.0000
116.1052 0.0000
74.9154 0.0000
93.6660 0.0000
239.3917 0.0000
106.7075 0.0000
142.1293 0.0000
192.9456 0.0000
615.2743 1.0000
122.6462 0.0000
102.5187 0.0000
337.9834 0.0000
162.9414 0.0000
152.2464 0.0000
168.0398 0.0000
103.0986 0.0000
116.0652 0.0000
106.3636 0.0000
81.9650 0.0000
126.0796 0.0000
181.0888 0.0000
97.0133 0.0000
596.2766 0.0000
664.2683 1.0000
125.7295 0.0000
71.0940 0.0000
94.4734 0.0000
105.1304 0.0000
105.0263 0.0000
160.5645 0.0000
279.5362 0.0000
71.7853 0.0000
179.7683 0.0000
100.0994 0.0000
131.3316 0.0000
72.8137 0.0000
137.8096 0.0000
393.7023 0.0000
121.0469 0.0000
306.6610 0.0000
121.5302 0.0000
371.7142 0.0000
137.6186 0.0000
126.7629 0.0000
69.6583 0.0000
346.1234 0.0000
170.1562 0.0000
354.7567 0.0000
189.0595 0.0000
42.6483 0.0000
93.9820 0.0000
112.0803 0.0000
130.3049 0.0000
150.3038 0.0000
75.7499 0.0000
145.2786 0.0000
254.4475 0.0000
172.4730 0.0000
62.2641 0.0000
190.7013 0.0000
96.7307 0.0000
783.2539 1.0000
114.9850 0.0000
139.5801 0.0000
139.6710 0.0000
57.6250 0.0000
118.2883 0.0000
163.7738 0.0000
65.2146 0.0000
115.8687 0.0000
95.5455 0.0000
278.4403 0.0000
100.7534 0.0000
470.1619 0.0000
103.6745 0.0000
608.2751 0.0000
108.5383 0.0000
87.5284 0.0000
122.8416 0.0000
92.5564 0.0000
184.0463 0.0000
49.5958 0.0000
81.1378 0.0000
182.6723 0.0000
32.1212 0.0000
77.7872 0.0000
79.6524 0.0000
513.2866 0.0000
104.3995 0.0000
151.8976 0.0000
98.4055 0.0000
119.2802 0.0000
114.9379 0.0000
334.4133 0.0000
114.8231 0.0000
117.6976 0.0000
98.2930 0.0000
80.2323 0.0000
80.5772 0.0000
214.5922 0.0000
233.3206 0.0000
282.9649 0.0000
94.0407 0.0000
113.9615 0.0000
112.8123 0.0000
419.2814 0.0000
81.9836 0.0000
209.4304 0.0000
169.0371 0.0000
109.2539 0.0000
112.2905 0.0000
118.1640 0.0000
99.3048 0.0000
319.5003 0.0000
47.4685 0.0000
186.5208 0.0000
304.9309 0.0000
131.9275 0.0000
27.9115 0.0000
21.9246 0.0000
252.7859 0.0000
127.5887 0.0000
151.1855 0.0000
390.3307 0.0000
289.2978 0.0000
76.4581 0.0000
68.6258 0.0000
120.8082 0.0000
139.9411 0.0000
75.5835 0.0000
116.1355 0.0000
172.4949 0.0000
253.5953 0.0000
106.2683 0.0000
52.5301 0.0000
108.8878 0.0000
364.5063 0.0000
163.4900 0.0000
77.9078 0.0000
123.9665 0.0000
145.7132 0.0000
378.9396 0.0000
84.5384 0.0000
140.0356 0.0000
210.1760 0.0000
38.0101 0.0000
105.1241 0.0000
105.3981 0.0000
206.3462 0.0000
88.7060 0.0000
176.7463 0.0000
272.6595 0.0000
219.6551 0.0000
160.8972 0.0000
637.2716 0.0000
172.5976 0.0000
63.1999 0.0000
69.5240 0.0000
189.0052 0.0000
138.9609 0.0000
124.2473 0.0000
145.4176 0.0000
108.6844 0.0000
51.4708 0.0000
250.3367 0.0000
107.7263 0.0000
218.3749 0.0000
166.1144 0.0000
369.5225 0.0000
102.8362 0.0000
74.3877 0.0000
89.6929 0.0000
116.3889 0.0000
126.2850 0.0000
82.8141 0.0000
114.3829 0.0000
87.8859 0.0000
179.4821 0.0000
85.6082 0.0000
342.9964 0.0000
272.3628 0.0000
106.2046 0.0000
63.5077 0.0000
221.7200 0.0000
193.5603 0.0000
154.2305 0.0000
43.1026 0.0000
53.8973 0.0000
147.4933 0.0000
104.7443 0.0000
243.1022 0.0000
48.8338 0.0000
92.6613 0.0000
128.8147 0.0000
112.5798 0.0000
147.6612 0.0000
81.1235 0.0000
44.1530 0.0000
118.0948 0.0000
63.9065 0.0000
181.5772 0.0000
172.8281 0.0000
73.7506 0.0000
93.8288 0.0000
152.5766 0.0000
109.1306 0.0000
262.7558 0.0000
187.9994 0.0000
201.6006 0.0000
103.1021 0.0000
89.6383 0.0000
40.6604 0.0000
371.5477 0.0000
76.4221 0.0000
61.0437 0.0000
150.6274 0.0000
187.4601 0.0000
119.8717 0.0000
75.6660 0.0000
98.2543 0.0000
401.3433 0.0000
598.2763 0.0000
235.4140 0.0000
108.9925 0.0000
159.3094 0.0000
103.4953 0.0000
282.3460 0.0000
88.6219 0.0000
107.7558 0.0000
87.4554 0.0000
42.9276 0.0000
121.5093 0.0000
149.5786 0.0000
149.8322 0.0000
206.9551 0.0000
68.9389 0.0000
180.8710 0.0000
61.5410 0.0000
501.2881 0.0000
185.2968 0.0000
83.1819 0.0000
170.7425 0.0000
136.2055 0.0000
249.4829 0.0000
125.7708 0.0000
46.3671 0.0000
293.8035 0.0000
119.5586 0.0000
129.4578 0.0000
145.8101 0.0000
74.6975 0.0000
102.5204 0.0000
162.1805 0.0000
154.9522 0.0000
100.2085 0.0000
165.2974 0.0000
195.7080 0.0000
73.4368 0.0000
51.2713 0.0000
97.1347 0.0000
73.1295 0.0000
74.9471 0.0000
59.3521 0.0000
399.0769 0.0000
595.2767 0.0000
218.0969 0.0000
266.0687 0.0000
703.2636 0.0000
117.8818 0.0000
59.3736 0.0000
171.6419 0.0000
261.4576 0.0000
109.0268 0.0000
80.5409 0.0000
332.1893 0.0000
109.9114 0.0000
238.9477 0.0000
120.6818 0.0000
69.2004 0.0000
125.6819 0.0000
67.5998 0.0000
336.2827 0.0000
109.1738 0.0000
157.8934 0.0000
202.5963 0.0000
194.6615 0.0000
94.3665 0.0000
67.6426 0.0000
203.2069 0.0000
252.6734 0.0000
271.6172 0.0000
157.4459 0.0000
341.2399 0.0000
186.7896 0.0000
125.4143 0.0000
98.2769 0.0000
111.7339 0.0000
137.6473 0.0000
253.8299 0.0000
151.0117 0.0000
176.4855 0.0000
281.3701 0.0000
46.3433 0.0000
265.3621 0.0000
94.1001 0.0000
127.5348 0.0000
95.6546 0.0000
691.2651 0.0000
594.2768 0.0000
163.8585 0.0000
121.2815 0.0000
82.4053 0.0000
169.0789 0.0000
23.9908 0.0000
186.9031 0.0000
160.9333 0.0000
256.7052 0.0000
355.0789 0.0000
183.4260 0.0000
282.9255 0.0000
125.0326 0.0000
212.6672 0.0000
217.3538 0.0000
77.3851 0.0000
75.4335 0.0000
323.9693 0.0000
207.3547 0.0000
109.8282 0.0000
137.2771 0.0000
67.8593 0.0000
149.7214 0.0000
134.5212 0.0000
212.2208 0.0000
137.9047 0.0000
129.1800 0.0000
101.2331 0.0000
204.0383 0.0000
100.7702 0.0000
75.8195 0.0000
186.2658 0.0000
201.2553 0.0000
61.5324 0.0000
30.1376 0.0000
218.8737 0.0000
181.5616 0.0000
323.8625 0.0000
109.2288 0.0000
536.0946 0.0000
278.8891 0.0000
48.8049 0.0000
58.1211 0.0000
47.5381 0.0000
62.6989 0.0000
79.0689 0.0000
126.5713 0.0000
41.5080 0.0000
51.6958 0.0000
122.9487 0.0000
140.5764 0.0000
70.5447 0.0000
334.0085 0.0000
122.1489 0.0000
127.7205 0.0000
183.3522 0.0000
43.3290 0.0000
102.3834 0.0000
78.8724 0.0000
119.8529 0.0000
159.9561 0.0000
142.4483 0.0000
299.2198 0.0000
60.8960 0.0000
32.9679 0.0000
47.5808 0.0000
163.5258 0.0000
98.8871 0.0000
194.5663 0.0000
81.3311 0.0000
182.7859 0.0000
113.4782 0.0000
197.9294 0.0000
136.3168 0.0000
150.2752 0.0000
115.6610 0.0000
195.5293 0.0000
140.2675 0.0000
118.1100 0.0000
213.9070 0.0000
47.7976 0.0000
267.9479 0.0000
100.4411 0.0000
54.6394 0.0000
87.2359 0.0000
110.4235 0.0000
103.7796 0.0000
191.9782 0.0000
81.5651 0.0000
154.9761 0.0000
90.4218 0.0000
80.1144 0.0000
286.5653 0.0000
63.4721 0.0000
140.6759 0.0000
128.1678 0.0000
153.4684 0.0000
104.3066 0.0000
195.3117 0.0000
167.3505 0.0000
482.1583 0.0000
80.2274 0.0000
88.0703 0.0000
72.5358 0.0000
234.6235 0.0000
195.1818 0.0000
58.3483 0.0000
136.5607 0.0000
333.4398 0.0000
192.9370 0.0000
182.0849 0.0000
125.1467 0.0000
545.2828 0.0000
302.2222 0.0000
163.9485 0.0000
86.6513 0.0000
155.7481 0.0000
101.7491 0.0000
302.4346 0.0000
97.4569 0.0000
172.7590 0.0000
86.9509 0.0000
203.7424 0.0000
425.2725 0.0000
86.1103 0.0000
145.1115 0.0000
36.1904 0.0000
55.5024 0.0000
120.8450 0.0000
106.6222 0.0000
273.8517 0.0000
63.4806 0.0000
78.6278 0.0000
70.1754 0.0000
103.6192 0.0000
167.2106 0.0000
85.3897 0.0000
316.8643 0.0000
197.3725 0.0000
82.7393 0.0000
460.1408 0.0000
85.4217 0.0000
118.2517 0.0000
161.7001 0.0000
90.0954 0.0000
59.0159 0.0000
126.1021 0.0000
407.9568 0.0000
89.4406 0.0000
145.4414 0.0000
90.1009 0.0000
158.2262 0.0000
19.2390 0.0000
70.9008 0.0000
137.8415 0.0000
317.4639 0.0000
295.1033 0.0000
321.6787 0.0000
96.4503 0.0000
67.5809 0.0000
113.2622 0.0000
68.7378 0.0000
178.2621 0.0000
151.6075 0.0000
63.8010 0.0000
217.4989 0.0000
211.3594 0.0000
72.7692 0.0000
394.1325 0.0000
218.6215 0.0000
131.5040 0.0000
56.1278 0.0000
29.5408 0.0000
70.6178 0.0000
121.3241 0.0000
76.5072 0.0000
106.7978 0.0000
130.4837 0.0000
191.8080 0.0000
146.3920 0.0000
191.6690 0.0000
108.9963 0.0000
97.6881 0.0000
191.4295 0.0000
103.8106 0.0000
172.6652 0.0000
164.0573 0.0000
111.6476 0.0000
48.0058 0.0000
98.6142 0.0000
174.2878 0.0000
74.1102 0.0000
21.6753 0.0000
156.1529 0.0000
153.6769 0.0000
539.2835 0.0000
148.0937 0.0000
119.1621 0.0000
30.8173 0.0000
44.9488 0.0000
88.6928 0.0000
112.6351 0.0000
133.7445 0.0000
87.5214 0.0000
85.9947 0.0000
243.0681 0.0000
112.8524 0.0000
159.0564 0.0000
136.1651 0.0000
140.9717 0.0000
136.2857 0.0000
43.0812 0.0000
69.9677 0.0000
77.1048 0.0000
72.3379 0.0000
101.3491 0.0000
82.4176 0.0000
451.2942 0.0000
128.1424 0.0000
446.9297 0.0000
59.8366 0.0000
138.3260 0.0000
134.4137 0.0000
134.8835 0.0000
94.1411 0.0000
105.4570 0.0000
130.0479 0.0000
70.6324 0.0000
134.9761 0.0000
94.6849 0.0000
224.2450 0.0000
136.0208 0.0000
97.5773 0.0000
93.9305 0.0000
138.5565 0.0000
161.6949 0.0000
162.1911 0.0000
104.2095 0.0000
418.7545 0.0000
311.0626 0.0000
148.7137 0.0000
64.6197 0.0000
265.6420 0.0000
372.3037 0.0000
80.7305 0.0000
33.1685 0.0000
50.4354 0.0000
95.4399 0.0000
151.9465 0.0000
568.4835 0.0000
95.2509 0.0000
484.2015 0.0000
69.6290 0.0000
209.3025 0.0000
301.9291 0.0000
183.7264 0.0000
153.6715 0.0000
145.4665 0.0000
160.3379 0.0000
99.1468 0.0000
187.5079 0.0000
281.5746 0.0000
140.8415 0.0000
131.2035 0.0000
240.7804 0.0000
604.3357 0.0000
170.7957 0.0000
147.6021 0.0000
91.9016 0.0000
168.2753 0.0000
151.0534 0.0000
695.2646 0.0000
368.8832 0.0000
248.4714 0.0000
173.0086 0.0000
231.2777 0.0000
98.7855 0.0000
228.7763 0.0000
240.6150 0.0000
123.2309 0.0000
246.1348 0.0000
176.6054 0.0000
358.7029 0.0000
150.7596 0.0000
94.0302 0.0000
208.5775 0.0000
72.0121 0.0000
146.6431 0.0000
411.8124 0.0000
63.4087 0.0000
164.1475 0.0000
249.9997 0.0000
125.6623 0.0000
159.4731 0.0000
177.5698 0.0000
394.1747 0.0000
97.9061 0.0000
309.0794 0.0000
91.1191 0.0000
68.7326 0.0000
80.6451 0.0000
273.1844 0.0000
372.5749 0.0000
100.8589 0.0000
88.2112 0.0000
61.3026 0.0000
205.4154 0.0000
92.5673 0.0000
72.4112 0.0000
372.3037 0.0000
134.3075 0.0000
231.0282 0.0000
119.5637 0.0000
101.2714 0.0000
57.1353 0.0000
87.2787 0.0000
114.7927 0.0000
26.2609 0.0000
135.5917 0.0000
264.6586 0.0000
92.1221 0.0000
149.4393 0.0000
69.4653 0.0000
67.0989 0.0000
43.8493 0.0000
100.3669 0.0000
149.8694 0.0000
113.5701 0.0000
126.6741 0.0000
104.5063 0.0000
81.8434 0.0000
102.1229 0.0000
126.6790 0.0000
256.4740 0.0000
145.7297 0.0000
22.1968 0.0000
35.8093 0.0000
167.9533 0.0000
688.2654 0.0000
115.2274 0.0000
135.1086 0.0000
412.2989 0.0000
50.6932 0.0000
123.6612 0.0000
157.5415 0.0000
266.3443 0.0000
103.1564 0.0000
423.5275 0.0000
270.1438 0.0000
163.5923 0.0000
105.6593 0.0000
108.7706 0.0000
133.8923 0.0000
350.4297 0.0000
124.6152 0.0000
109.1139 0.0000
187.4000 0.0000
124.2167 0.0000
160.2775 0.0000
219.7934 0.0000
105.2061 0.0000
185.3762 0.0000
127.0868 0.0000
176.4067 0.0000
164.1118 0.0000
189.6107 0.0000
184.1259 0.0000
149.9867 0.0000
118.8787 0.0000
78.5588 0.0000
92.2555 0.0000
281.7517 0.0000
140.0590 0.0000
128.3039 0.0000
66.6896 0.0000
148.5384 0.0000
65.0170 0.0000
128.8460 0.0000
118.1331 0.0000
76.4992 0.0000
88.8622 0.0000
55.5724 0.0000
105.5448 0.0000
113.4531 0.0000
187.3446 0.0000
40.5631 0.0000
362.9171 0.0000
134.6102 0.0000
114.6622 0.0000
105.2113 0.0000
95.4008 0.0000
94.0256 0.0000
50.6114 0.0000
654.2696 0.0000
149.1448 0.0000
129.7980 0.0000
164.8538 0.0000
159.6860 0.0000
50.5990 0.0000
219.1801 0.0000
103.2015 0.0000
79.3216 0.0000
253.6329 0.0000
92.9356 0.0000
156.0504 0.0000
85.1252 0.0000
106.7090 0.0000
101.9238 0.0000
396.3008 0.0000
95.4608 0.0000
65.7051 0.0000
385.1273 0.0000
258.5450 0.0000
138.3857 0.0000
239.9028 0.0000
239.4054 0.0000
106.1872 0.0000
64.9752 0.0000
363.2088 0.0000
94.3752 0.0000
155.4341 0.0000
170.0472 0.0000
150.0783 0.0000
104.2007 0.0000
128.1731 0.0000
94.4828 0.0000
104.2030 0.0000
208.3532 0.0000
88.8565 0.0000
189.0204 0.0000
84.1131 0.0000
80.0421 0.0000
65.5748 0.0000
219.6267 0.0000
68.2584 0.0000
131.6615 0.0000
197.2770 0.0000
112.1361 0.0000
527.2850 0.0000
97.2561 0.0000
174.5702 0.0000
105.2993 0.0000
85.4495 0.0000
115.2091 0.0000
110.4967 0.0000
155.9865 0.0000
114.6492 0.0000
151.3577 0.0000
107.4702 0.0000
117.0276 0.0000
122.8574 0.0000
147.9488 0.0000
129.8985 0.0000
107.8320 0.0000
94.0221 0.0000
94.6257 0.0000
144.5642 0.0000
70.4854 0.0000
135.5138 0.0000
117.6854 0.0000
114.0768 0.0000
131.7831 0.0000
146.3582 0.0000
154.7589 0.0000
62.9235 0.0000
130.9197 0.0000
117.4938 0.0000
105.2555 0.0000
122.3101 0.0000
133.2466 0.0000
89.5061 0.0000
89.5233 0.0000
113.7620 0.0000
215.6525 0.0000
145.1265 0.0000
79.8959 0.0000
93.8278 0.0000
161.4468 0.0000
67.8266 0.0000
100.5100 0.0000
146.9530 0.0000
266.0430 0.0000
104.8695 0.0000
145.6795 0.0000
95.7912 0.0000
53.9635 0.0000
168.9358 0.0000
96.8422 0.0000
224.3674 0.0000
99.4674 0.0000
57.7789 0.0000
96.8269 0.0000
275.5641 0.0000
126.2240 0.0000
82.9039 0.0000
63.8027 0.0000
57.9872 0.0000
588.2776 0.0000
306.3117 0.0000
98.9796 0.0000
104.5160 0.0000
130.5764 0.0000
87.8200 0.0000
114.7013 0.0000
136.9125 0.0000
182.6480 0.0000
73.8917 0.0000
471.2917 0.0000
58.3889 0.0000
68.9819 0.0000
45.3716 0.0000
136.9105 0.0000
610.2749 1.0000
101.6468 0.0000
55.8465 0.0000
218.9647 0.0000
87.4039 0.0000
325.9613 0.0000
185.9193 0.0000
241.4290 0.0000
489.2896 0.0000
76.1788 0.0000
106.0202 0.0000
39.8368 0.0000
120.8377 0.0000
125.9322 0.0000
106.4504 0.0000
93.0507 0.0000
97.5421 0.0000
145.5515 0.0000
236.2623 0.0000
65.0814 0.0000
96.1366 0.0000
100.8835 0.0000
96.4905 0.0000
129.7565 0.0000
153.0192 0.0000
275.3598 0.0000
161.0535 0.0000
109.7691 0.0000
149.5722 0.0000
401.1337 0.0000
383.9400 0.0000
907.2389 1.0000
79.1939 0.0000
41.0388 0.0000
120.2153 0.0000
97.0649 0.0000
136.1149 0.0000
750.2579 0.0000
168.5617 0.0000
97.4930 0.0000
144.3658 0.0000
96.1935 0.0000
184.0321 0.0000
261.8846 0.0000
119.5242 0.0000
111.7829 0.0000
131.8214 0.0000
112.2926 0.0000
95.1604 0.0000
53.8516 0.0000
116.2162 0.0000
118.8660 0.0000
40.4470 0.0000
92.7386 0.0000
86.0315 0.0000
134.6786 0.0000
110.8844 0.0000
112.3619 0.0000
94.6664 0.0000
94.4558 0.0000
79.9163 0.0000
58.4454 0.0000
54.6287 0.0000
81.8912 0.0000
75.6062 0.0000
87.8903 0.0000
115.7652 0.0000
209.1971 0.0000
77.1737 0.0000
131.0672 0.0000
68.5314 0.0000
130.2875 0.0000
89.4329 0.0000
162.3743 0.0000
86.9231 0.0000
171.2617 0.0000
175.2030 0.0000
172.8566 0.0000
166.9177 0.0000
103.9274 0.0000
148.9467 0.0000
124.0687 0.0000
137.1782 0.0000
57.3950 0.0000
91.0537 0.0000
108.7515 0.0000
174.7858 0.0000
161.2215 0.0000
147.8897 0.0000
140.1900 0.0000
64.8255 0.0000
83.6862 0.0000
92.9327 0.0000
135.5641 0.0000
113.3201 0.0000
155.2732 0.0000
137.0522 0.0000
76.2419 0.0000
159.5771 0.0000
76.3647 0.0000
202.5891 0.0000
385.4816 0.0000
76.3183 0.0000
133.2011 0.0000
35.6572 0.0000
117.9965 0.0000
44.2963 0.0000
159.4478 0.0000
280.9281 0.0000
72.3352 0.0000
120.5373 0.0000
193.2752 0.0000
111.5253 0.0000
201.4296 0.0000
129.6314 0.0000
163.3558 0.0000
87.3879 0.0000
51.8518 0.0000
97.4318 0.0000
119.2763 0.0000
77.1870 0.0000
145.7491 0.0000
120.0850 0.0000
192.1384 0.0000
169.7676 0.0000
76.1523 0.0000
377.4715 0.0000
50.6162 0.0000
183.6442 0.0000
83.7881 0.0000
554.2817 0.0000
126.2289 0.0000
77.4404 0.0000
77.0396 0.0000
524.9287 0.0000
118.6353 0.0000
93.5726 0.0000
102.8798 0.0000
182.8004 0.0000
153.0995 0.0000
156.6896 0.0000
134.4582 0.0000
112.2661 0.0000
79.3027 0.0000
83.6650 0.0000
55.2302 0.0000
108.5752 0.0000
70.5999 0.0000
104.1401 0.0000
164.3546 0.0000
108.0670 0.0000
109.1163 0.0000
38.9523 0.0000
232.0004 0.0000
75.8562 0.0000
111.3914 0.0000
237.0186 0.0000
119.8806 0.0000
230.3627 0.0000
76.2263 0.0000
137.3842 0.0000
154.1466 0.0000
103.6212 0.0000
629.2726 0.0000
118.8031 0.0000
80.5854 0.0000
151.1079 0.0000
100.1103 0.0000
311.9176 0.0000
85.0304 0.0000
101.7014 0.0000
164.8630 0.0000
110.0704 0.0000
160.9012 0.0000
149.4222 0.0000
173.3982 0.0000
112.3580 0.0000
229.4337 0.0000
88.1210 0.0000
120.3343 0.0000
118.7762 0.0000
98.9987 0.0000
84.1419 0.0000
91.1184 0.0000
92.7882 0.0000
135.5382 0.0000
118.3832 0.0000
89.1831 0.0000
154.5689 0.0000
130.7468 0.0000
74.1012 0.0000
90.7692 0.0000
93.3376 0.0000
158.5177 0.0000
162.6610 0.0000
144.0679 0.0000
150.6280 0.0000
148.4163 0.0000
63.4780 0.0000
189.8822 0.0000
180.7395 0.0000
103.5146 0.0000
144.5235 0.0000
107.6953 0.0000
417.2983 0.0000
158.5380 0.0000
148.8881 0.0000
70.1569 0.0000
72.7782 0.0000
203.1767 0.0000
91.0753 0.0000
87.1734 0.0000
76.9951 0.0000
212.7984 0.0000
161.0763 0.0000
119.4607 0.0000
71.9579 0.0000
359.8381 0.0000
50.8756 0.0000
118.2884 0.0000
188.2835 0.0000
199.2984 0.0000
29.3699 0.0000
121.3999 0.0000
116.3628 0.0000
126.3336 0.0000
60.4647 0.0000
95.8561 0.0000
61.8955 0.0000
298.7754 0.0000
258.1761 0.0000
102.1841 0.0000
213.0007 0.0000
40.7479 0.0000
82.8094 0.0000
160.7456 0.0000
166.8392 0.0000
74.3698 0.0000
105.9368 0.0000
107.8255 0.0000
74.3450 0.0000
191.0223 0.0000
56.8654 0.0000
324.4663 0.0000
207.0338 0.0000
448.5810 0.0000
112.0348 0.0000
156.1185 0.0000
258.4912 0.0000
130.2361 0.0000
195.0913 0.0000
520.2858 0.0000
82.0135 0.0000
73.1702 0.0000
135.3563 0.0000
114.7917 0.0000
106.0705 0.0000
85.7399 0.0000
116.3956 0.0000
79.7028 0.0000
138.7792 0.0000
158.6587 0.0000
100.3609 0.0000
144.8480 0.0000
111.2742 0.0000
305.4833 0.0000
118.9158 0.0000
92.3305 0.0000
90.3793 0.0000
133.2013 0.0000
136.9831 0.0000
100.2854 0.0000
371.7237 0.0000
553.2818 0.0000
194.0578 0.0000
100.3169 0.0000
247.3437 0.0000
472.5831 0.0000
144.7099 0.0000
202.5394 0.0000
118.2824 0.0000
143.4206 0.0000
117.1591 0.0000
89.0712 0.0000
157.0599 0.0000
220.8548 0.0000
127.3044 0.0000
68.0337 0.0000
130.0915 0.0000
274.4954 0.0000
132.2786 0.0000
125.4501 0.0000
129.6740 0.0000
182.8013 0.0000
128.2432 0.0000
180.1747 0.0000
56.4603 0.0000
61.5535 0.0000
234.2959 0.0000
104.2470 0.0000
80.2686 0.0000
104.7143 0.0000
521.3823 0.0000
102.4298 0.0000
117.3171 0.0000
87.3022 0.0000
154.3126 0.0000
670.2676 0.0000
84.0017 0.0000
85.5179 0.0000
76.8736 0.0000
55.4691 0.0000
293.5504 0.0000
169.2940 0.0000
132.4475 0.0000
87.2574 0.0000
42.1626 0.0000
96.2479 0.0000
72.5674 0.0000
186.5328 0.0000
130.3862 0.0000
233.3206 0.0000
113.6588 0.0000
206.7673 0.0000
71.9731 0.0000
145.0061 0.0000
164.6149 0.0000
83.0127 0.0000
897.2401 0.0000
82.7039 0.0000
76.6821 0.0000
195.3333 0.0000
228.7038 0.0000
200.0275 0.0000
188.4087 0.0000
135.6306 0.0000
41.8066 0.0000
60.2994 0.0000
124.6836 0.0000
102.7611 0.0000
90.1646 0.0000
103.6248 0.0000
126.1125 0.0000
557.2813 0.0000
128.8241 0.0000
94.4137 0.0000
102.4474 0.0000
150.5267 0.0000
136.6704 0.0000
99.0961 0.0000
121.5765 0.0000
89.3026 0.0000
413.3530 0.0000
150.3972 0.0000
633.2721 0.0000
391.5426 0.0000
89.2055 0.0000
53.4670 0.0000
97.8667 0.0000
174.8879 0.0000
82.3013 0.0000
920.2373 1.0000
109.5439 0.0000
44.9854 0.0000
88.8934 0.0000
156.9124 0.0000
155.5728 0.0000
509.2871 0.0000
88.6672 0.0000
197.0680 0.0000
115.0918 0.0000
63.3132 0.0000
91.6305 0.0000
611.2748 0.0000
55.5619 0.0000
168.2101 0.0000
161.2655 0.0000
341.5479 0.0000
113.4283 0.0000
121.7150 0.0000
127.1258 0.0000
139.1577 0.0000
111.4908 0.0000
69.8511 0.0000
119.0544 0.0000
78.9268 0.0000
361.8464 0.0000
108.7645 0.0000
247.5046 0.0000
98.3342 0.0000
123.4550 0.0000
131.6751 0.0000
97.1703 0.0000
141.3180 0.0000
62.0225 0.0000
344.2768 0.0000
102.5178 0.0000
165.7987 0.0000
61.1359 0.0000
79.9180 0.0000
121.8663 0.0000
113.4106 0.0000
154.9368 0.0000
99.1513 0.0000
110.4513 0.0000
136.0837 0.0000
143.2614 0.0000
103.2329 0.0000
140.6430 0.0000
190.0691 0.0000
143.4954 0.0000
84.7053 0.0000
83.6651 0.0000
67.0926 0.0000
173.4222 0.0000
75.1042 0.0000
107.5363 0.0000
76.4165 0.0000
151.5280 0.0000
75.6494 0.0000
82.6473 0.0000
106.8704 0.0000
255.0678 0.0000
188.5807 0.0000
90.7266 0.0000
194.6207 0.0000
67.8365 0.0000
127.0058 0.0000
102.0690 0.0000
340.3076 0.0000
112.3734 0.0000
156.1553 0.0000
60.2053 0.0000
95.8067 0.0000
322.3098 0.0000
345.3070 0.0000
117.7692 0.0000
73.8879 0.0000
152.6893 0.0000
191.0698 0.0000
143.6982 0.0000
183.6650 0.0000
149.0561 0.0000
232.3207 0.0000
142.9704 0.0000
418.0465 0.0000
72.0392 0.0000
167.3201 0.0000
202.0085 0.0000
252.8199 0.0000
86.8235 0.0000
116.0634 0.0000
101.3545 0.0000
803.2515 0.0000
38.6718 0.0000
286.3142 0.0000
352.6463 0.0000
180.1808 0.0000
126.7012 0.0000
88.7498 0.0000
123.8991 0.0000
592.2771 0.0000
170.4234 0.0000
58.3112 0.0000
76.8104 0.0000
454.3563 0.0000
185.9540 0.0000
59.8301 0.0000
142.4560 0.0000
93.8868 0.0000
128.5589 0.0000
80.6258 0.0000
115.6124 0.0000
87.5312 0.0000
143.5286 0.0000
127.4925 0.0000
93.4196 0.0000
241.1390 0.0000
235.6646 0.0000
83.8618 0.0000
94.5169 0.0000
128.7153 0.0000
350.8086 0.0000
119.7562 0.0000
286.9690 0.0000
87.4812 0.0000
351.2592 0.0000
165.8106 0.0000
69.5770 0.0000
167.6209 0.0000
148.7650 0.0000
230.8236 0.0000
108.1273 0.0000
83.3463 0.0000
117.1843 0.0000
58.6617 0.0000
179.6390 0.0000
207.8668 0.0000
115.4885 0.0000
75.5241 0.0000
108.5601 0.0000
495.2888 0.0000
53.3559 0.0000
208.7800 0.0000
262.3859 0.0000
84.3209 0.0000
63.3333 0.0000
75.8622 0.0000
89.2660 0.0000
379.6008 0.0000
117.5415 0.0000
137.9836 0.0000
78.9795 0.0000
56.8935 0.0000
64.1720 0.0000
307.8139 0.0000
53.7910 0.0000
95.3126 0.0000
88.4430 0.0000
145.7727 0.0000
152.0095 0.0000
86.7246 0.0000
110.6108 0.0000
139.3681 0.0000
842.2468 1.0000
113.7245 0.0000
104.3123 0.0000
51.3756 0.0000
220.2443 0.0000
119.4991 0.0000
63.1674 0.0000
57.4779 0.0000
97.7828 0.0000
32.9464 0.0000
67.4018 0.0000
97.3754 0.0000
120.0028 0.0000
26.6267 0.0000
283.8805 0.0000
81.1928 0.0000
98.8070 0.0000
141.6968 0.0000
119.2026 0.0000
44.3729 0.0000
104.8152 0.0000
81.8479 0.0000
332.0978 0.0000
133.0757 0.0000
165.2686 0.0000
81.3507 0.0000
315.7140 0.0000
112.4385 0.0000
351.3063 0.0000
93.4230 0.0000
223.3645 0.0000
105.7235 0.0000
55.8698 0.0000
23.8188 0.0000
59.2300 0.0000
334.7290 0.0000
70.2377 0.0000
30.4002 0.0000
14.2151 0.0000
182.9019 0.0000
57.8851 0.0000
246.9412 0.0000
640.2713 0.0000
74.1786 0.0000
188.6377 0.0000
188.1670 0.0000
438.6786 0.0000
97.4838 0.0000
105.1970 0.0000
102.2508 0.0000
361.3051 0.0000
164.3290 0.0000
96.0307 0.0000
562.2807 0.0000
78.5790 0.0000
114.7158 0.0000
139.4609 0.0000
153.6493 0.0000
166.5697 0.0000
113.4118 0.0000
351.6839 0.0000
113.3148 0.0000
86.3390 0.0000
195.1948 0.0000
275.7754 0.0000
491.7401 0.0000
139.4363 0.0000
112.3368 0.0000
121.0863 0.0000
215.6312 0.0000
168.7139 0.0000
457.2934 0.0000
69.5665 0.0000
151.2633 0.0000
54.0247 0.0000
117.4243 0.0000
181.1402 0.0000
130.5163 0.0000
219.8351 0.0000
62.7367 0.0000
179.4306 0.0000
116.2835 0.0000
130.1926 0.0000
123.6601 0.0000
306.8411 0.0000
115.2373 0.0000
337.3080 0.0000
100.0264 0.0000
584.2780 0.0000
167.8715 0.0000
103.2918 0.0000
50.0562 0.0000
116.3515 0.0000
55.6637 0.0000
90.3617 0.0000
117.6465 0.0000
99.7276 0.0000
177.3878 0.0000
82.0592 0.0000
159.3296 0.0000
248.6531 0.0000
79.5918 0.0000
406.2640 0.0000
55.1619 0.0000
162.3380 0.0000
112.7667 0.0000
115.0157 0.0000
95.7433 0.0000
156.1794 0.0000
100.0820 0.0000
88.3560 0.0000
223.6407 0.0000
266.5835 0.0000
58.8290 0.0000
89.9289 0.0000
108.8068 0.0000
101.4538 0.0000
70.9378 0.0000
189.0245 0.0000
95.2325 0.0000
63.3903 0.0000
150.2018 0.0000
262.4915 0.0000
83.5520 0.0000
65.9518 0.0000
69.7628 0.0000
117.1427 0.0000
255.6666 0.0000
105.4837 0.0000
80.9738 0.0000
428.9943 0.0000
47.6299 0.0000
97.6553 0.0000
101.6842 0.0000
105.9868 0.0000
242.9106 0.0000
154.6903 0.0000
105.1777 0.0000
606.2754 0.0000
85.0311 0.0000
377.9013 0.0000
99.0100 0.0000
214.5765 0.0000
69.7893 0.0000
93.2253 0.0000
242.9415 0.0000
270.4256 0.0000
108.8834 0.0000
100.7076 0.0000
86.8701 0.0000
114.6431 0.0000
102.1242 0.0000
83.2787 0.0000
71.1555 0.0000
91.9888 0.0000
132.0880 0.0000
161.5137 0.0000
88.9887 0.0000
122.0749 0.0000
86.8040 0.0000
96.8202 0.0000
164.5765 0.0000
48.1457 0.0000
404.5285 0.0000
279.7713 0.0000
248.8123 0.0000
133.5400 0.0000
76.2984 0.0000
145.4293 0.0000
92.1492 0.0000
104.4053 0.0000
149.0530 0.0000
111.1322 0.0000
57.1924 0.0000
123.8958 0.0000
223.5485 0.0000
78.1585 0.0000
79.4132 0.0000
324.7805 0.0000
184.0106 0.0000
64.9976 0.0000
74.1202 0.0000
68.0695 0.0000
200.1580 0.0000
102.7847 0.0000
91.4501 0.0000
100.5052 0.0000
114.1886 0.0000
72.3343 0.0000
86.0230 0.0000
52.7312 0.0000
109.4917 0.0000
100.0193 0.0000
99.3368 0.0000
80.8442 0.0000
123.9518 0.0000
165.2896 0.0000
77.0689 0.0000
78.6207 0.0000
151.1376 0.0000
69.8253 0.0000
128.7491 0.0000
76.3479 0.0000
113.6596 0.0000
268.4186 0.0000
133.5171 0.0000
146.9184 0.0000
49.7814 0.0000
165.4578 0.0000
266.1216 0.0000
61.0990 0.0000
311.5262 0.0000
88.4663 0.0000
410.2991 0.0000
484.2902 0.0000
109.2767 0.0000
65.7262 0.0000
147.2596 0.0000
264.0484 0.0000
29.1547 0.0000
68.3339 0.0000
149.4331 0.0000
112.8202 0.0000
158.4680 0.0000
415.9712 0.0000
104.5365 0.0000
142.3447 0.0000
129.2341 0.0000
39.7238 0.0000
32.0424 0.0000
115.9726 0.0000
98.7773 0.0000
60.1231 0.0000
260.5361 0.0000
77.0438 0.0000
163.4333 0.0000
132.0193 0.0000
91.5045 0.0000
83.3848 0.0000
561.2808 0.0000
172.3480 0.0000
426.3100 0.0000
45.2009 0.0000
248.2125 0.0000
109.6875 0.0000
141.9508 0.0000
147.1038 0.0000
116.0770 0.0000
252.8314 0.0000
115.4434 0.0000
151.0044 0.0000
148.2685 0.0000
153.5186 0.0000
90.8774 0.0000
109.1856 0.0000
397.1253 0.0000
162.0940 0.0000
132.8286 0.0000
600.2101 0.0000
553.2818 0.0000
105.5626 0.0000
181.7928 0.0000
55.6085 0.0000
198.4947 0.0000
127.7250 0.0000
675.2670 0.0000
519.5531 0.0000
98.2078 0.0000
108.3306 0.0000
76.5599 0.0000
540.1537 0.0000
107.1605 0.0000
152.9852 0.0000
107.6837 0.0000
128.4548 0.0000
71.3675 0.0000
89.4626 0.0000
93.3494 0.0000
94.3703 0.0000
108.0768 0.0000
116.5281 0.0000
110.9692 0.0000
53.2309 0.0000
87.5818 0.0000
336.4672 0.0000
55.2499 0.0000
215.4261 0.0000
751.2578 0.0000
82.3924 0.0000
104.9433 0.0000
194.5654 0.0000
79.5090 0.0000
118.0641 0.0000
84.2586 0.0000
104.6223 0.0000
177.1812 0.0000
106.1137 0.0000
75.3183 0.0000
67.3556 0.0000
789.2532 1.0000
233.9286 0.0000
167.0703 0.0000
128.8678 0.0000
151.8177 0.0000
201.3245 0.0000
121.3611 0.0000
301.7317 0.0000
74.1515 0.0000
115.9538 0.0000
82.1181 0.0000
221.0708 0.0000
138.3429 0.0000
19.2795 0.0000
89.5318 0.0000
193.3143 0.0000
87.2947 0.0000
67.1969 0.0000
92.2605 0.0000
155.1823 0.0000
408.9867 0.0000
176.8700 0.0000
102.7466 0.0000
306.9721 0.0000
187.0928 0.0000
375.7087 0.0000
120.2804 0.0000
174.8474 0.0000
216.8809 0.0000
158.5844 0.0000
236.1903 0.0000
150.6226 0.0000
211.7681 0.0000
85.6084 0.0000
139.7776 0.0000
81.0577 0.0000
80.3738 0.0000
124.5193 0.0000
98.8788 0.0000
866.2439 1.0000
104.9543 0.0000
135.6139 0.0000
183.3359 0.0000
45.4238 0.0000
69.7011 0.0000
460.4067 0.0000
84.0345 0.0000
126.9978 0.0000
276.9164 0.0000
143.7498 0.0000
627.2728 0.0000
106.9000 0.0000
87.2532 0.0000
184.5371 0.0000
228.7938 0.0000
23.2208 0.0000
151.1081 0.0000
152.8934 0.0000
120.2362 0.0000
87.9665 0.0000
328.1464 0.0000
134.9698 0.0000
126.7640 0.0000
119.3887 0.0000
90.1047 0.0000
363.1643 0.0000
126.2520 0.0000
834.2477 0.0000
130.1339 0.0000
71.6071 0.0000
80.0635 0.0000
226.4435 0.0000
56.3286 0.0000
79.0666 0.0000
128.7732 0.0000
66.5174 0.0000
338.3079 0.0000
131.8783 0.0000
332.0287 0.0000
209.1582 0.0000
107.9279 0.0000
66.0149 0.0000
44.8575 0.0000
70.1806 0.0000
44.7435 0.0000
112.1950 0.0000
189.7472 0.0000
227.0204 0.0000
190.3077 0.0000
117.7895 0.0000
366.3045 0.0000
103.3707 0.0000
407.7622 0.0000
17.9031 0.0000
142.4550 0.0000
83.5391 0.0000
188.5196 0.0000
60.2254 0.0000
222.7080 0.0000
87.0341 0.0000
84.2775 0.0000
174.3984 0.0000
150.7240 0.0000
484.2902 0.0000
119.8712 0.0000
93.3475 0.0000
68.9580 0.0000
542.2831 0.0000
145.7906 0.0000
64.8286 0.0000
246.4275 0.0000
125.5816 0.0000
96.1569 0.0000
170.5476 0.0000
86.5932 0.0000
107.1671 0.0000
105.5560 0.0000
130.6152 0.0000
124.8370 0.0000
73.9514 0.0000
132.0221 0.0000
176.1361 0.0000
144.4314 0.0000
98.2495 0.0000
101.2011 0.0000
177.3003 0.0000
144.2529 0.0000
184.6947 0.0000
83.1723 0.0000
95.6183 0.0000
95.8704 0.0000
93.9385 0.0000
203.5941 0.0000
477.9656 0.0000
131.7414 0.0000
82.1302 0.0000
181.7044 0.0000
95.0827 0.0000
309.4775 0.0000
45.4829 0.0000
230.1604 0.0000
80.2117 0.0000
68.3578 0.0000
116.7062 0.0000
390.5356 0.0000
148.3480 0.0000
193.1263 0.0000
185.8912 0.0000
100.5192 0.0000
74.6380 0.0000
138.0156 0.0000
123.3573 0.0000
192.6160 0.0000
120.4009 0.0000
93.6775 0.0000
83.9581 0.0000
141.8280 0.0000
118.0847 0.0000
63.6379 0.0000
119.9771 0.0000
133.3387 0.0000
109.3601 0.0000
103.0411 0.0000
142.4867 0.0000
561.2808 0.0000
90.6984 0.0000
233.9572 0.0000
76.8526 0.0000
83.4311 0.0000
113.6057 0.0000
96.4065 0.0000
98.0573 0.0000
66.8589 0.0000
94.1693 0.0000
104.1131 0.0000
63.9332 0.0000
88.5067 0.0000
94.6020 0.0000
141.5809 0.0000
110.6455 0.0000
116.9725 0.0000
93.9357 0.0000
251.9328 0.0000
117.5198 0.0000
109.4749 0.0000
112.5190 0.0000
112.4507 0.0000
599.2762 0.0000
131.4453 0.0000
242.0369 0.0000
126.8134 0.0000
46.4270 0.0000
237.1964 0.0000
236.8975 0.0000
188.8882 0.0000
449.1438 0.0000
226.7406 0.0000
133.8867 0.0000
337.1035 0.0000
114.5659 0.0000
83.2901 0.0000
173.3289 0.0000
104.0259 0.0000
356.4269 0.0000
164.3404 0.0000
362.0678 0.0000
105.5342 0.0000
75.2355 0.0000
109.9771 0.0000
170.6319 0.0000
206.4427 0.0000
215.5476 0.0000
160.4164 0.0000
105.6522 0.0000
159.3332 0.0000
103.8339 0.0000
844.2465 1.0000
162.1196 0.0000
98.5575 0.0000
102.5115 0.0000
99.3858 0.0000
143.3825 0.0000
125.4089 0.0000
171.2956 0.0000
122.7830 0.0000
49.0568 0.0000
298.0893 0.0000
231.6202 0.0000
118.1795 0.0000
142.1707 0.0000
86.5601 0.0000
70.1001 0.0000
145.3691 0.0000
97.8393 0.0000
382.7051 0.0000
113.7556 0.0000
122.1744 0.0000
136.4419 0.0000
42.4099 0.0000
106.6507 0.0000
124.1255 0.0000
128.9669 0.0000
146.8195 0.0000
138.2060 0.0000
331.4072 0.0000
103.0857 0.0000
141.5938 0.0000
84.6341 0.0000
128.2919 0.0000
78.8223 0.0000
136.7466 0.0000
174.2104 0.0000
46.3433 0.0000
95.1197 0.0000
88.4643 0.0000
127.7366 0.0000
123.2341 0.0000
91.1927 0.0000
557.2813 0.0000
169.1341 0.0000
121.1756 0.0000
390.4921 0.0000
159.7487 0.0000
46.5624 0.0000
114.5130 0.0000
226.9661 0.0000
224.3396 0.0000
109.7855 0.0000
182.3839 0.0000
216.0458 0.0000
140.6519 0.0000
192.6126 0.0000
200.4630 0.0000
175.2989 0.0000
222.3087 0.0000
120.9889 0.0000
629.2726 0.0000
160.0288 0.0000
60.1313 0.0000
112.5489 0.0000
98.4077 0.0000
183.4709 0.0000
195.7860 0.0000
80.4214 0.0000
40.9685 0.0000
83.6480 0.0000
74.7905 0.0000
84.7681 0.0000
51.7095 0.0000
155.1814 0.0000
99.9829 0.0000
111.7435 0.0000
628.2727 0.0000
164.7007 0.0000
115.2220 0.0000
238.9193 0.0000
74.4823 0.0000
175.2111 0.0000
134.7447 0.0000
77.9446 0.0000
93.4728 0.0000
235.0186 0.0000
457.8390 0.0000
63.0697 0.0000
97.6997 0.0000
91.2407 0.0000
306.2316 0.0000
180.6728 0.0000
105.6325 0.0000
95.7130 0.0000
171.2071 0.0000
149.0792 0.0000
161.2219 0.0000
95.3543 0.0000
272.2405 0.0000
136.6180 0.0000
63.2190 0.0000
147.1088 0.0000
266.7351 0.0000
380.1268 0.0000
103.9115 0.0000
84.8383 0.0000
121.5706 0.0000
51.6996 0.0000
87.9613 0.0000
202.7934 0.0000
137.8676 0.0000
137.7634 0.0000
150.6039 0.0000
186.9967 0.0000
69.1057 0.0000
150.5472 0.0000
165.3026 0.0000
185.2992 0.0000
149.2406 0.0000
105.5467 0.0000
270.0372 0.0000
118.4607 0.0000
118.6754 0.0000
107.0123 0.0000
109.9927 0.0000
141.1206 0.0000
101.5635 0.0000
77.4686 0.0000
301.8750 0.0000
155.3476 0.0000
120.1659 0.0000
144.2695 0.0000
146.2275 0.0000
89.6640 0.0000
242.6766 0.0000
115.9222 0.0000
85.6345 0.0000
115.5719 0.0000
258.4993 0.0000
98.6240 0.0000
382.3025 0.0000
500.2882 0.0000
141.7023 0.0000
194.9556 0.0000
129.5338 0.0000
204.5500 0.0000
68.9422 0.0000
157.2545 0.0000
108.5568 0.0000
81.0743 0.0000
72.3059 0.0000
524.0933 0.0000
97.1150 0.0000
287.5733 0.0000
104.0816 0.0000
166.7189 0.0000
283.3145 0.0000
92.7245 0.0000
214.6665 0.0000
346.3698 0.0000
174.9896 0.0000
311.0592 0.0000
258.7992 0.0000
127.8680 0.0000
89.6343 0.0000
329.2986 0.0000
75.2984 0.0000
130.8036 0.0000
66.9892 0.0000
119.8455 0.0000
622.2734 0.0000
110.4224 0.0000
352.7370 0.0000
400.7093 0.0000
193.4890 0.0000
165.9528 0.0000
108.8988 0.0000
375.3773 0.0000
145.5938 0.0000
148.6765 0.0000
108.2513 0.0000
118.0385 0.0000
187.3062 0.0000
293.2743 0.0000
324.0260 0.0000
149.5239 0.0000
253.3182 0.0000
548.2824 0.0000
122.0319 0.0000
299.8929 0.0000
102.1492 0.0000
298.5657 0.0000
152.1425 0.0000
75.6659 0.0000
98.6224 0.0000
105.0449 0.0000
97.5245 0.0000
101.4756 0.0000
100.9342 0.0000
304.7735 0.0000
252.2314 0.0000
70.5563 0.0000
583.6865 0.0000
110.9091 0.0000
226.4155 0.0000
60.8288 0.0000
84.2709 0.0000
153.7047 0.0000
162.7098 0.0000
112.9031 0.0000
96.2870 0.0000
155.8621 0.0000
154.3329 0.0000
26.7409 0.0000
130.4225 0.0000
160.6315 0.0000
152.4795 0.0000
78.7057 0.0000
105.9293 0.0000
138.8206 0.0000
89.1424 0.0000
187.9761 0.0000
129.9170 0.0000
150.0557 0.0000
60.9338 0.0000
78.8230 0.0000
126.3523 0.0000
133.5794 0.0000
51.4569 0.0000
134.4671 0.0000
140.7995 0.0000
88.8805 0.0000
191.8659 0.0000
81.7824 0.0000
105.7575 0.0000
182.2318 0.0000
97.5687 0.0000
151.0597 0.0000
76.9056 0.0000
46.6916 0.0000
603.7357 0.0000
237.8201 0.0000
100.0743 0.0000
154.7996 0.0000
201.7153 0.0000
133.9859 0.0000
85.5646 0.0000
454.3338 0.0000
178.3716 0.0000
76.0048 0.0000
339.8230 0.0000
197.1970 0.0000
150.8294 0.0000
121.4976 0.0000
71.3299 0.0000
113.3721 0.0000
216.4797 0.0000
206.0382 0.0000
158.4764 0.0000
100.0126 0.0000
617.2740 0.0000
104.9556 0.0000
109.3362 0.0000
103.3005 0.0000
121.7177 0.0000
71.6616 0.0000
230.3528 0.0000
238.3847 0.0000
102.7610 0.0000
55.4711 0.0000
105.7049 0.0000
471.1991 0.0000
104.2462 0.0000
72.3428 0.0000
109.9664 0.0000
92.2612 0.0000
65.1939 0.0000
56.4410 0.0000
76.2450 0.0000
303.0460 0.0000
160.7824 0.0000
137.4739 0.0000
160.3757 0.0000
265.6428 0.0000
175.9033 0.0000
104.8277 0.0000
120.4660 0.0000
82.7935 0.0000
130.4276 0.0000
149.2890 0.0000
270.8462 0.0000
91.9376 0.0000
535.2840 0.0000
125.5678 0.0000
365.7757 0.0000
180.2594 0.0000
114.5591 0.0000
337.3080 0.0000
79.0310 0.0000
91.4506 0.0000
38.2505 0.0000
114.8368 0.0000
117.6633 0.0000
115.4442 0.0000
64.4185 0.0000
141.4788 0.0000
143.0741 0.0000
131.9448 0.0000
65.4644 0.0000
84.8237 0.0000
155.8561 0.0000
112.8778 0.0000
158.9694 0.0000
240.5484 0.0000
237.4721 0.0000
427.8813 0.0000
219.0422 0.0000
151.4522 0.0000
211.1995 0.0000
97.2307 0.0000
96.4725 0.0000
55.3325 0.0000
83.2210 0.0000
131.1512 0.0000
121.7470 0.0000
110.0672 0.0000
191.5877 0.0000
101.5577 0.0000
141.9270 0.0000
139.4661 0.0000
237.9570 0.0000
193.5561 0.0000
112.9145 0.0000
373.7089 0.0000
508.2873 0.0000
118.9111 0.0000
38.3027 0.0000
113.9253 0.0000
151.0680 0.0000
117.3973 0.0000
140.6339 0.0000
230.7836 0.0000
28.5878 0.0000
207.7842 0.0000
164.5006 0.0000
476.2911 0.0000
133.8774 0.0000
112.0687 0.0000
99.6324 0.0000
83.9539 0.0000
66.9629 0.0000
131.8459 0.0000
80.4857 0.0000
606.2754 0.0000
134.8042 0.0000
104.7705 0.0000
110.3563 0.0000
79.1243 0.0000
94.8605 0.0000
123.4980 0.0000
137.7446 0.0000
151.9248 0.0000
131.0946 0.0000
96.1735 0.0000
119.7797 0.0000
412.8148 0.0000
522.2856 0.0000
168.3380 0.0000
106.4369 0.0000
213.5722 0.0000
92.7923 0.0000
69.7032 0.0000
69.4020 0.0000
58.1442 0.0000
364.1097 0.0000
156.0617 0.0000
135.2658 0.0000
140.2366 0.0000
36.7549 0.0000
249.8266 0.0000
373.9355 0.0000
516.2863 0.0000
182.0561 0.0000
59.0707 0.0000
100.3988 0.0000
66.6106 0.0000
92.6408 0.0000
100.1031 0.0000
111.9080 0.0000
248.4522 0.0000
85.5188 0.0000
84.7285 0.0000
90.1684 0.0000
79.4108 0.0000
216.2411 0.0000
48.2606 0.0000
460.2931 0.0000
55.2933 0.0000
116.5392 0.0000
89.0032 0.0000
128.9426 0.0000
122.8120 0.0000
89.9943 0.0000
152.8329 0.0000
269.8490 0.0000
77.4295 0.0000
154.0889 0.0000
302.7381 0.0000
160.2935 0.0000
92.8548 0.0000
188.3222 0.0000
168.1107 0.0000
89.4813 0.0000
97.5137 0.0000
99.7231 0.0000
270.1400 0.0000
69.5420 0.0000
74.5140 0.0000
230.9217 0.0000
122.2833 0.0000
86.5288 0.0000
107.9803 0.0000
192.8472 0.0000
152.8751 0.0000
59.3294 0.0000
63.2645 0.0000
123.9898 0.0000
94.0772 0.0000
120.5550 0.0000
81.5375 0.0000
99.7531 0.0000
193.7391 0.0000
197.1270 0.0000
87.5892 0.0000
118.2416 0.0000
78.8914 0.0000
165.7670 0.0000
353.0900 0.0000
182.9712 0.0000
63.0612 0.0000
94.9305 0.0000
85.5479 0.0000
200.1648 0.0000
88.9825 0.0000
97.3683 0.0000
163.9056 0.0000
132.3001 0.0000
84.8184 0.0000
287.4525 0.0000
65.7155 0.0000
72.9911 0.0000
73.6819 0.0000
141.2155 0.0000
257.0886 0.0000
107.8982 0.0000
72.8417 0.0000
97.5107 0.0000
64.0426 0.0000
71.0716 0.0000
224.4849 0.0000
109.5980 0.0000
291.5843 0.0000
123.3263 0.0000
193.2756 0.0000
132.9000 0.0000
50.3428 0.0000
81.9818 0.0000
93.8662 0.0000
126.3563 0.0000
105.5263 0.0000
169.3190 0.0000
129.1900 0.0000
96.8680 0.0000
123.8295 0.0000
132.4742 0.0000
215.7009 0.0000
132.8505 0.0000
94.9887 0.0000
120.1951 0.0000
97.6126 0.0000
110.5553 0.0000
150.3957 0.0000
91.5831 0.0000
122.7666 0.0000
94.5467 0.0000
112.0774 0.0000
30.5007 0.0000
137.2305 0.0000
104.0322 0.0000
160.2659 0.0000
57.0408 0.0000
79.9239 0.0000
236.7489 0.0000
152.6219 0.0000
270.0896 0.0000
85.6867 0.0000
109.6456 0.0000
85.8264 0.0000
128.3848 0.0000
106.2052 0.0000
125.5963 0.0000
60.9008 0.0000
90.7589 0.0000
34.3196 0.0000
93.1481 0.0000
140.0988 0.0000
165.1147 0.0000
130.9292 0.0000
70.5862 0.0000
665.2682 0.0000
70.9008 0.0000
112.7335 0.0000
129.5177 0.0000
165.5381 0.0000
103.4938 0.0000
30.1685 0.0000
301.3510 0.0000
81.0861 0.0000
66.8578 0.0000
102.7881 0.0000
76.2795 0.0000
54.1562 0.0000
43.5672 0.0000
116.3008 0.0000
144.6588 0.0000
142.0585 0.0000
28.2214 0.0000
210.1853 0.0000
201.6384 0.0000
365.5881 0.0000
88.9475 0.0000
65.8428 0.0000
85.0387 0.0000
104.1523 0.0000
158.7339 0.0000
235.9662 0.0000
189.1085 0.0000
178.2931 0.0000
371.5138 0.0000
194.2118 0.0000
54.4456 0.0000
107.9082 0.0000
141.3128 0.0000
208.5353 0.0000
123.1389 0.0000
210.9249 0.0000
139.2440 0.0000
79.1348 0.0000
127.1413 0.0000
213.5287 0.0000
35.5330 0.0000
122.1140 0.0000
61.7971 0.0000
99.8887 0.0000
115.4294 0.0000
157.5534 0.0000
141.7327 0.0000
97.7753 0.0000
60.3986 0.0000
59.1557 0.0000
132.4554 0.0000
151.8606 0.0000
166.3799 0.0000
77.6869 0.0000
262.3171 0.0000
135.7221 0.0000
103.9203 0.0000
66.9922 0.0000
93.1452 0.0000
134.8361 0.0000
64.9967 0.0000
127.8445 0.0000
78.2267 0.0000
79.8686 0.0000
82.0652 0.0000
132.6463 0.0000
66.5213 0.0000
643.2709 0.0000
169.7904 0.0000
148.6378 0.0000
456.3278 0.0000
133.5386 0.0000
120.6473 0.0000
264.3168 0.0000
124.6551 0.0000
166.3052 0.0000
115.6033 0.0000
97.7792 0.0000
256.3178 0.0000
139.2788 0.0000
63.3800 0.0000
112.4784 0.0000
90.2630 0.0000
442.4089 0.0000
90.3424 0.0000
182.3907 0.0000
87.4176 0.0000
390.8487 0.0000
185.9700 0.0000
290.8236 0.0000
71.1862 0.0000
97.3206 0.0000
94.8006 0.0000
54.7433 0.0000
76.8971 0.0000
124.1842 0.0000
125.3360 0.0000
103.0651 0.0000
93.7819 0.0000
68.6736 0.0000
176.2357 0.0000
139.9459 0.0000
102.7566 0.0000
183.3613 0.0000
98.3062 0.0000
112.0533 0.0000
416.3302 0.0000
99.2439 0.0000
81.9329 0.0000
121.8383 0.0000
284.4186 0.0000
795.2525 0.0000
139.2761 0.0000
130.2859 0.0000
88.4376 0.0000
139.9626 0.0000
101.1533 0.0000
69.4334 0.0000
92.8285 0.0000
99.4970 0.0000
94.2212 0.0000
103.5570 0.0000
134.4387 0.0000
121.6367 0.0000
136.7604 0.0000
185.5643 0.0000
634.2720 0.0000
390.7635 0.0000
81.1464 0.0000
183.2228 0.0000
126.8042 0.0000
164.6925 0.0000
134.5681 0.0000
168.7289 0.0000
73.4827 0.0000
204.3467 0.0000
75.9573 0.0000
82.4710 0.0000
67.7014 0.0000
115.3416 0.0000
108.6073 0.0000
590.2773 0.0000
157.8622 0.0000
161.9886 0.0000
127.0213 0.0000
224.6221 0.0000
110.1524 0.0000
101.8224 0.0000
77.6023 0.0000
79.9459 0.0000
255.3261 0.0000
126.5131 0.0000
75.8802 0.0000
445.0147 0.0000
170.3512 0.0000
162.5359 0.0000
189.4488 0.0000
125.9554 0.0000
33.1175 0.0000
205.7124 0.0000
75.9112 0.0000
88.3698 0.0000
81.9902 0.0000
109.0113 0.0000
107.3065 0.0000
160.1111 0.0000
81.2108 0.0000
61.3819 0.0000
104.4558 0.0000
65.3151 0.0000
94.4666 0.0000
170.3973 0.0000
139.8653 0.0000
129.1482 0.0000
94.5396 0.0000
56.5457 0.0000
173.3659 0.0000
115.4598 0.0000
193.4995 0.0000
120.3343 0.0000
288.6397 0.0000
68.9430 0.0000
103.0455 0.0000
136.5035 0.0000
83.2413 0.0000
73.7345 0.0000
119.6782 0.0000
141.1682 0.0000
186.9984 0.0000
116.5610 0.0000
93.7536 0.0000
256.3355 0.0000
141.7247 0.0000
307.4222 0.0000
85.2472 0.0000
150.2593 0.0000
106.9386 0.0000
111.3354 0.0000
190.6355 0.0000
119.9274 0.0000
124.2097 0.0000
105.2020 0.0000
472.2916 0.0000
298.7950 0.0000
138.4923 0.0000
105.9770 0.0000
160.6479 0.0000
123.6511 0.0000
105.6564 0.0000
143.5568 0.0000
69.4487 0.0000
80.5257 0.0000
57.9796 0.0000
80.5209 0.0000
112.3171 0.0000
63.1470 0.0000
83.6454 0.0000
50.5789 0.0000
88.9105 0.0000
109.4317 0.0000
191.9949 0.0000
479.2908 0.0000
71.8087 0.0000
108.4917 0.0000
316.3105 0.0000
65.3298 0.0000
104.4393 0.0000
163.6397 0.0000
93.6917 0.0000
132.7693 0.0000
84.5123 0.0000
582.2783 0.0000
108.6145 0.0000
104.9851 0.0000
73.5687 0.0000
254.4781 0.0000
100.2038 0.0000
55.8353 0.0000
48.4845 0.0000
75.5564 0.0000
131.0478 0.0000
46.8584 0.0000
436.6531 0.0000
602.3132 0.0000
65.0794 0.0000
51.7877 0.0000
474.6119 0.0000
138.8807 0.0000
56.9785 0.0000
137.0226 0.0000
149.5908 0.0000
692.2650 1.0000
159.8752 0.0000
138.4944 0.0000
137.0532 0.0000
62.8108 0.0000
188.3260 0.0000
341.3075 0.0000
609.2750 0.0000
322.3098 0.0000
104.2167 0.0000
124.7905 0.0000
237.7403 0.0000
128.3026 0.0000
109.0641 0.0000
73.3660 0.0000
594.2768 0.0000
137.7376 0.0000
198.2068 0.0000
101.5866 0.0000
153.8301 0.0000
101.3319 0.0000
109.8363 0.0000
85.9230 0.0000
658.2691 0.0000
132.8284 0.0000
97.5611 0.0000
128.3507 0.0000
188.8991 0.0000
250.2596 0.0000
159.3540 0.0000
44.8495 0.0000
99.6702 0.0000
77.7855 0.0000
246.7847 0.0000
223.3218 0.0000
72.3341 0.0000
323.4009 0.0000
133.6960 0.0000
191.6409 0.0000
576.2790 0.0000
179.7299 0.0000
257.0154 0.0000
109.8020 0.0000
75.1987 0.0000
71.7549 0.0000
179.4233 0.0000
181.4217 0.0000
639.2714 0.0000
149.0088 0.0000
85.0593 0.0000
133.8302 0.0000
183.2082 0.0000
82.4519 0.0000
156.8113 0.0000
83.6414 0.0000
245.9340 0.0000
84.3222 0.0000
129.3999 0.0000
109.9898 0.0000
56.8050 0.0000
65.6210 0.0000
186.2636 0.0000
30.7199 0.0000
150.2921 0.0000
243.8171 0.0000
109.9572 0.0000
63.4226 0.0000
111.0176 0.0000
245.3976 0.0000
133.3127 0.0000
78.1796 0.0000
111.4776 0.0000
75.9198 0.0000
60.1516 0.0000
144.8648 0.0000
395.9867 0.0000
128.9188 0.0000
113.2823 0.0000
123.6558 0.0000
172.0514 0.0000
50.8791 0.0000
157.8186 0.0000
574.2793 0.0000
99.8653 0.0000
54.1823 0.0000
123.4441 0.0000
102.1094 0.0000
106.4617 0.0000
97.5885 0.0000
178.4927 0.0000
52.9533 0.0000
284.6123 0.0000
114.8294 0.0000
101.8508 0.0000
103.6859 0.0000
133.3489 0.0000
171.5264 0.0000
71.8344 0.0000
88.5083 0.0000
64.1093 0.0000
110.5976 0.0000
107.6684 0.0000
121.6198 0.0000
35.8318 0.0000
130.5305 0.0000
131.2396 0.0000
113.9744 0.0000
198.2576 0.0000
144.7073 0.0000
74.9591 0.0000
349.3065 0.0000
71.2911 0.0000
92.3559 0.0000
70.1426 0.0000
148.5859 0.0000
170.5759 0.0000
47.1370 0.0000
129.0094 0.0000
53.4068 0.0000
67.5674 0.0000
115.9843 0.0000
171.0917 0.0000
199.6779 0.0000
75.0314 0.0000
167.0021 0.0000
198.1900 0.0000
87.6287 0.0000
135.7691 0.0000
52.3477 0.0000
129.3399 0.0000
64.4139 0.0000
69.9309 0.0000
145.9782 0.0000
92.8634 0.0000
79.7793 0.0000
84.6353 0.0000
83.9372 0.0000
259.2051 0.0000
195.2718 0.0000
40.0228 0.0000
264.8722 0.0000
41.4427 0.0000
105.5131 0.0000
59.6297 0.0000
294.3132 0.0000
371.6583 0.0000
91.8244 0.0000
147.8116 0.0000
46.9338 0.0000
611.2748 0.0000
125.0704 0.0000
120.6297 0.0000
49.4006 0.0000
183.7862 0.0000
84.7328 0.0000
75.2387 0.0000
40.0687 0.0000
730.2603 0.0000
155.6172 0.0000
160.6969 0.0000
65.4966 0.0000
89.6301 0.0000
96.5166 0.0000
179.4412 0.0000
147.9473 0.0000
145.3043 0.0000
93.1782 0.0000
100.6866 0.0000
102.7842 0.0000
127.7471 0.0000
136.1189 0.0000
66.1362 0.0000
34.1046 0.0000
154.7418 0.0000
222.3428 0.0000
487.2898 0.0000
122.2396 0.0000
61.2272 0.0000
119.6986 0.0000
65.4692 0.0000
104.3694 0.0000
82.2678 0.0000
94.9011 0.0000
91.9013 0.0000
181.2110 0.0000
18.4938 0.0000
166.5627 0.0000
646.2705 0.0000
119.3176 0.0000
70.3624 0.0000
135.7757 0.0000
94.1073 0.0000
143.3164 0.0000
49.1050 0.0000
112.6006 0.0000
70.2057 0.0000
89.1593 0.0000
155.7457 0.0000
51.0449 0.0000
108.4038 0.0000
208.2969 0.0000
80.3766 0.0000
114.6429 0.0000
100.5015 0.0000
74.9333 0.0000
425.2132 0.0000
104.9902 0.0000
119.3098 0.0000
302.2107 0.0000
96.0033 0.0000
256.2255 0.0000
73.5421 0.0000
79.2163 0.0000
123.3553 0.0000
209.4958 0.0000
191.2838 0.0000
94.9350 0.0000
121.4298 0.0000
83.6563 0.0000
165.7714 0.0000
109.8652 0.0000
114.4075 0.0000
101.2407 0.0000
60.3993 0.0000
53.6091 0.0000
98.5882 0.0000
182.4083 0.0000
285.3229 0.0000
110.5709 0.0000
67.5165 0.0000
135.9170 0.0000
84.0330 0.0000
38.4327 0.0000
117.3650 0.0000
148.2718 0.0000
84.2005 0.0000
67.6487 0.0000
100.4487 0.0000
121.5240 0.0000
327.1448 0.0000
97.2247 0.0000
107.3558 0.0000
97.0486 0.0000
122.8371 0.0000
154.6499 0.0000
146.3838 0.0000
276.3969 0.0000
