166.5413 0.0003
53.0711 0.0004
1.8109 0.0008
276.1884 0.0001
3.8290 0.0009
210.9290 0.0002
14.9752 0.0003
4.4549 0.0008
180.3147 0.0002
17.7533 0.0003
62.1228 0.0003
7.1829 0.0004
5.3733 0.0008
4.0338 0.0005
71.7969 0.0004
2.3156 0.0008
21.7952 0.0006
21.0501 0.0005
56.8446 0.0003
59.5670 0.0003
14.4993 0.0004
221.9977 0.0001
46.2440 0.0003
60.3414 0.0004
40.4895 0.0005
24.7681 0.0004
55.2000 0.0004
3.6338 0.0008
22.2662 0.0005
80.5307 0.0003
56.4983 0.0004
50.9476 0.0004
2.8635 0.0010
63.2879 0.0003
34.3989 0.0005
54.3180 0.0003
33.6400 0.0004
53.3558 0.0004
38.0343 0.0005
0.8213 0.0011
21.9070 0.0004
1.9145 0.0011
2.1249 0.0007
363.2709 0.0002
4.7620 0.0006
1.9675 0.0005
282.8185 0.0001
2.9048 0.0009
33.3161 0.0005
2.1010 0.0006
357.3287 0.0001
10.7357 0.0003
0.9594 0.0010
4.7036 0.0007
4.7518 0.0008
55.9680 0.0003
43.9797 0.0005
3.0032 0.0009
39.3191 0.0004
376.2892 0.0001
21.2076 0.0005
10.5504 0.0008
67.9354 0.0004
4.6991 0.0008
5.1083 0.0007
7.9168 0.0007
49.4734 0.0004
16.5165 0.0005
8.2501 0.0006
91.9493 0.0003
1.5032 0.0009
30.6890 0.0004
8.6292 0.0007
18.8946 0.0003
9.3442 0.0005
3.4098 0.0002
14.8272 0.0006
9.1757 0.0005
7.6322 0.0006
22.2204 0.0005
1.6135 0.0011
0.3577 0.0014
26.1067 0.0003
0.6624 0.0013
10.7240 0.0007
27.6811 0.0006
0.7098 0.0010
2.0954 0.0006
21.0329 0.0005
24.4856 0.0006
41.4605 0.0002
12.0131 0.0006
47.7146 0.0003
2.5536 0.0007
141.7725 0.0003
8.5065 0.0006
12.7178 0.0006
62.4269 0.0004
9.0450 0.0004
247.1900 0.0002
173.1170 0.0002
34.0501 0.0005
114.7986 0.0003
29.4574 0.0004
13.3937 0.0007
455.5103 0.0001
4.4855 0.0007
34.7227 0.0005
5.3218 0.0006
22.8639 0.0004
138.8300 0.0001
35.6756 0.0003
117.1150 0.0001
1.9570 0.0006
11.2958 0.0006
27.1053 0.0005
61.0744 0.0004
30.0465 0.0004
30.8866 0.0003
25.8714 0.0005
247.1446 0.0001
2.2708 0.0009
22.3341 0.0003
49.2941 0.0004
416.4701 0.0001
27.1407 0.0003
2.0184 0.0007
25.8295 0.0003
3.8931 0.0010
370.8951 0.0002
3.5388 0.0006
37.5069 0.0003
147.9387 0.0003
3.0127 0.0008
3.9867 0.0008
30.0457 0.0002
2.3249 0.0002
6.7866 0.0004
175.9127 0.0002
188.2695 0.0003
104.8625 0.0003
2.2792 0.0011
7.1509 0.0007
32.5403 0.0004
36.1015 0.0004
87.2408 0.0003
34.4466 0.0005
0.9049 0.0010
60.6124 0.0003
79.4008 0.0002
103.9206 0.0003
194.5399 0.0002
139.1691 0.0002
2.7067 0.0007
6.6733 0.0006
67.4784 0.0003
10.2869 0.0006
13.1404 0.0006
6.4267 0.0007
18.4894 0.0002
2.4664 0.0008
15.0476 0.0004
2.5873 0.0005
273.5371 0.0002
11.9696 0.0006
1.7980 0.0009
51.0363 0.0004
2.8757 0.0005
24.5571 0.0004
23.1389 0.0007
61.9003 0.0004
17.3744 0.0007
115.5098 0.0003
0.6313 0.0010
37.9919 0.0002
11.1632 0.0005
15.6760 0.0005
51.0493 0.0004
2.8483 0.0009
60.8143 0.0004
26.3065 0.0006
37.5516 0.0004
52.3810 0.0002
44.0150 0.0004
1.8374 0.0008
1.4356 0.0011
34.6053 0.0004
2.0668 0.0005
194.7407 0.0002
26.1103 0.0003
234.8557 0.0002
3.8061 0.0006
14.6108 0.0005
9.7678 0.0006
60.5038 0.0003
11.1698 0.0008
144.3132 0.0001
73.4463 0.0002
2.5950 0.0009
5.8503 0.0006
23.6993 0.0003
1.7078 0.0009
70.2868 0.0003
123.0105 0.0003
185.2004 0.0001
16.9304 0.0005
12.2684 0.0008
10.6013 0.0008
74.9248 0.0003
6.6472 0.0007
16.0234 0.0003
55.3422 0.0004
138.5007 0.0001
26.1770 0.0006
12.5082 0.0005
209.0836 0.0002
2.2773 0.0006
2.5653 0.0006
77.6970 0.0003
112.7613 0.0003
121.2805 0.0002
87.3252 0.0003
181.8020 0.0001
118.3438 0.0003
12.6238 0.0004
3.2526 0.0004
7.0928 0.0006
35.5439 0.0004
3.9120 0.0007
12.4643 0.0006
100.1503 0.0003
21.2292 0.0006
30.7862 0.0004
39.4692 0.0005
6.2994 0.0009
10.5688 0.0006
1.3450 0.0012
36.5591 0.0004
2.6192 0.0010
44.5354 0.0002
192.0246 0.0002
2.7567 0.0007
1.6397 0.0010
113.9967 0.0002
46.7748 0.0001
3.1621 0.0007
3.6139 0.0006
7.2131 0.0005
252.0501 0.0001
54.4385 0.0003
11.4700 0.0008
17.8072 0.0003
2.0758 0.0009
165.6374 0.0002
3.1164 0.0008
134.7324 0.0002
245.8812 0.0001
63.3659 0.0003
116.3365 0.0002
55.3599 0.0001
69.1408 0.0003
3.4549 0.0009
283.6669 0.0002
77.9401 0.0003
9.8355 0.0008
34.6436 0.0005
30.7799 0.0005
65.6250 0.0003
57.5222 0.0004
21.6475 0.0002
196.1146 0.0002
324.6700 0.0001
16.2643 0.0006
22.2931 0.0005
15.8249 0.0006
5.6123 0.0009
20.2808 0.0005
14.4626 0.0006
22.2977 0.0004
1.2006 0.0004
57.1414 0.0004
2.8892 0.0006
436.2763 0.0002
193.7019 0.0001
9.0918 0.0007
27.0898 0.0003
104.2389 0.0003
64.5714 0.0002
16.5083 0.0006
23.5230 0.0002
2.1686 0.0010
26.4675 0.0005
131.1994 0.0003
30.7499 0.0006
7.7330 0.0004
7.9533 0.0005
3.3399 0.0009
3.2091 0.0009
7.1608 0.0007
1.4586 0.0008
9.3942 0.0006
118.8778 0.0002
199.2277 0.0002
1.5239 0.0012
4.3063 0.0007
113.0326 0.0003
59.0332 0.0004
214.0795 0.0002
5.9533 0.0009
295.4599 0.0003
0.4241 0.0014
16.9628 0.0007
0.4977 0.0012
5.6225 0.0009
3.8585 0.0006
1.8865 0.0007
129.5844 0.0002
24.4386 0.0005
57.2613 0.0003
2.1892 0.0006
2.6952 0.0006
2.4155 0.0006
14.5439 0.0006
68.7067 0.0003
40.0910 0.0003
4.4515 0.0009
2.0716 0.0008
14.1632 0.0005
30.5115 0.0004
6.0179 0.0008
219.0464 0.0002
0.9146 0.0011
9.3347 0.0003
35.3542 0.0004
5.5847 0.0007
210.2604 0.0003
9.6310 0.0006
25.3076 0.0005
18.8555 0.0004
43.6506 0.0003
140.3652 0.0002
3.3512 0.0008
79.4031 0.0003
2.4922 0.0009
193.2001 0.0002
0.3369 0.0014
157.3227 0.0003
23.2835 0.0004
0.7030 0.0013
5.0884 0.0007
1.0290 0.0009
60.4816 0.0003
35.6851 0.0004
44.5341 0.0003
4.8640 0.0009
1.1015 0.0010
209.0272 0.0003
2.1610 0.0010
41.6091 0.0005
8.9751 0.0004
69.3660 0.0003
2.1494 0.0008
39.3448 0.0003
45.6794 0.0003
386.8075 0.0001
1.3491 0.0010
15.9838 0.0006
11.4560 0.0007
156.8185 0.0002
4.0289 0.0007
53.8754 0.0004
296.0706 0.0002
76.1614 0.0002
42.3871 0.0003
3.8793 0.0009
130.8136 0.0003
180.4092 0.0002
12.9893 0.0007
15.2442 0.0004
12.5303 0.0007
6.1254 0.0007
7.4885 0.0004
9.3655 0.0008
42.1916 0.0003
6.7189 0.0003
59.2636 0.0004
20.7511 0.0004
1.6398 0.0006
15.4424 0.0003
1.6291 0.0010
59.7942 0.0002
3.1486 0.0007
1.4186 0.0008
9.9487 0.0006
30.3167 0.0004
1.0956 0.0008
242.0880 0.0002
78.0293 0.0003
17.0998 0.0006
311.5507 0.0001
1.1540 0.0009
4.1319 0.0009
2.5918 0.0010
2.0759 0.0011
57.3926 0.0003
7.8460 0.0005
231.9231 0.0001
36.9171 0.0003
236.1222 0.0002
17.6957 0.0005
85.0778 0.0002
7.4159 0.0008
33.5953 0.0005
145.7814 0.0002
120.8263 0.0002
211.4947 0.0001
2.5388 0.0009
42.0676 0.0005
3.2215 0.0005
4.3903 0.0007
10.5214 0.0005
159.8841 0.0003
1.3359 0.0012
56.4214 0.0003
257.5176 0.0001
6.6902 0.0009
199.2814 0.0001
107.0653 0.0002
7.9815 0.0004
84.2812 0.0001
1.4199 0.0006
20.6853 0.0005
4.8898 0.0008
8.4081 0.0008
3.6291 0.0008
183.1856 0.0003
41.6282 0.0003
173.7705 0.0002
57.4286 0.0002
44.4432 0.0003
90.4771 0.0003
22.7807 0.0004
43.6955 0.0002
5.4258 0.0003
0.3200 0.0011
0.6057 0.0009
2.4625 0.0010
56.5978 0.0005
56.8281 0.0004
4.2053 0.0009
38.8449 0.0004
3.9984 0.0006
6.2451 0.0009
12.2382 0.0007
3.2558 0.0009
7.1521 0.0007
7.7597 0.0006
38.0562 0.0003
50.2471 0.0003
13.1637 0.0004
15.3810 0.0006
171.3671 0.0002
111.7251 0.0003
19.1705 0.0003
8.0142 0.0004
4.0482 0.0009
92.6471 0.0002
2.8026 0.0008
1.3495 0.0009
2.1501 0.0009
25.0296 0.0004
1.1800 0.0011
2.4077 0.0007
3.8935 0.0006
36.6706 0.0003
30.5092 0.0005
14.1019 0.0006
18.1210 0.0005
1.4770 0.0012
10.0625 0.0007
23.7478 0.0006
1.3454 0.0011
6.3456 0.0005
179.6221 0.0003
84.5634 0.0003
66.8094 0.0003
9.3094 0.0004
8.1539 0.0005
139.5294 0.0002
6.4761 0.0005
82.5340 0.0003
2.7813 0.0006
305.4905 0.0002
280.3438 0.0002
94.6187 0.0002
5.1875 0.0010
273.1016 0.0002
2.4907 0.0006
30.6100 0.0004
19.2550 0.0004
1.9449 0.0008
4.9887 0.0006
472.1719 0.0001
12.3617 0.0005
408.5478 0.0001
2.1714 0.0009
253.4371 0.0001
61.2152 0.0003
58.7356 0.0003
38.7078 0.0003
310.0856 0.0002
17.4226 0.0004
96.2127 0.0003
128.7299 0.0002
16.4139 0.0005
153.3236 0.0003
759.3509 0.0685
150.7569 0.0002
39.0735 0.0004
90.3719 0.0003
26.9606 0.0004
44.8714 0.0003
291.5080 0.0001
267.1498 0.0002
223.0926 0.0003
238.2214 0.0002
53.0156 0.0004
120.5350 0.0002
37.0517 0.0002
8.0983 0.0004
139.3909 0.0002
46.0609 0.0003
225.9437 0.0002
55.6459 0.0004
28.0729 0.0003
155.9276 0.0002
1.8882 0.0007
129.6218 0.0003
335.8451 0.0001
50.0268 0.0004
28.5083 0.0005
294.0437 0.0003
47.1335 0.0002
56.5092 0.0005
12.9993 0.0003
319.1944 0.0001
5.5874 0.0005
237.0096 0.0002
1.2293 0.0010
6.7935 0.0008
2.1218 0.0006
222.9586 0.0002
351.3512 0.0001
34.4503 0.0004
15.6266 0.0004
5.8206 0.0006
228.1046 0.0001
12.9591 0.0005
2.9314 0.0009
28.9583 0.0004
41.6067 0.0004
14.5171 0.0005
37.4375 0.0002
2.4342 0.0007
10.7796 0.0004
2.7645 0.0007
20.2750 0.0003
42.1729 0.0005
2.0496 0.0006
3.2629 0.0010
1.4703 0.0008
0.7972 0.0009
11.3661 0.0005
22.4065 0.0003
1.6711 0.0011
1.9820 0.0005
1.0990 0.0011
1.8553 0.0007
25.2076 0.0004
107.5142 0.0003
100.2211 0.0002
2.2879 0.0008
13.2237 0.0003
21.4739 0.0005
70.0526 0.0003
116.0135 0.0002
2.4367 0.0010
6.4258 0.0005
26.0912 0.0004
126.9304 0.0003
14.8747 0.0006
39.8978 0.0004
1.9629 0.0010
13.1260 0.0003
177.6558 0.0003
2.8447 0.0008
18.9297 0.0005
51.3019 0.0003
15.0252 0.0006
37.2939 0.0004
2.2362 0.0009
33.0320 0.0003
26.8361 0.0005
127.8234 0.0002
15.7894 0.0003
37.6812 0.0005
56.8777 0.0004
1.6695 0.0007
39.7540 0.0003
111.0288 0.0002
6.1597 0.0008
49.1379 0.0005
10.1822 0.0008
3.2451 0.0002
3.4129 0.0007
3.2940 0.0009
53.4243 0.0002
2.0543 0.0009
42.3817 0.0005
4.2814 0.0004
81.3423 0.0003
8.8340 0.0008
180.9057 0.0001
0.5564 0.0013
147.0167 0.0002
4.8448 0.0007
6.1901 0.0005
1.8716 0.0008
71.2426 0.0003
2.6841 0.0011
12.5503 0.0002
64.5053 0.0003
3.0723 0.0005
216.3074 0.0002
4.1617 0.0006
13.0370 0.0007
37.1869 0.0005
4.0043 0.0009
81.8250 0.0002
3.1503 0.0006
15.9257 0.0006
5.7841 0.0009
205.9657 0.0002
82.3888 0.0002
10.7635 0.0004
179.8617 0.0003
3.6624 0.0008
3.5127 0.0011
54.4956 0.0003
49.9599 0.0003
208.8816 0.0002
101.9447 0.0003
103.7213 0.0003
5.6681 0.0007
2.6059 0.0011
35.3255 0.0004
50.7734 0.0004
23.8867 0.0005
105.7535 0.0001
13.7278 0.0003
8.3274 0.0008
1.0652 0.0008
294.1080 0.0001
1.5920 0.0009
47.6790 0.0004
99.6179 0.0003
14.2296 0.0006
3.6729 0.0009
150.5683 0.0002
3.1994 0.0006
15.0315 0.0003
15.8053 0.0005
16.1385 0.0005
21.4652 0.0004
16.4904 0.0004
7.0911 0.0007
3.7335 0.0008
72.1937 0.0003
1.0174 0.0011
21.5668 0.0004
2.2055 0.0009
3.1041 0.0005
3.0374 0.0008
13.9862 0.0006
7.0151 0.0005
1.7361 0.0010
139.9715 0.0001
25.1847 0.0005
3.9890 0.0008
11.3554 0.0009
94.0597 0.0003
71.5328 0.0004
19.5123 0.0005
2.0234 0.0009
9.7311 0.0007
2.6583 0.0010
1.5958 0.0010
3.4037 0.0006
2.2739 0.0010
15.4061 0.0006
8.8624 0.0004
32.1534 0.0003
116.3140 0.0003
5.7073 0.0007
5.5125 0.0007
71.1245 0.0003
6.9381 0.0006
2.1260 0.0009
2.9873 0.0009
9.0649 0.0007
126.9328 0.0003
4.7998 0.0003
24.4074 0.0006
192.4789 0.0002
1.7549 0.0008
2.7543 0.0009
0.3532 0.0014
1.5493 0.0010
291.5041 0.0002
22.5195 0.0006
1.5470 0.0010
3.6942 0.0009
1.1564 0.0011
5.1690 0.0006
3.8629 0.0006
29.7430 0.0006
15.4352 0.0007
94.4795 0.0003
1.8847 0.0008
4.2689 0.0007
6.0337 0.0007
0.9267 0.0010
87.3198 0.0002
0.5450 0.0011
44.9725 0.0004
11.8850 0.0006
119.6136 0.0002
5.5960 0.0006
145.9659 0.0003
115.5587 0.0002
3.7810 0.0008
3.8909 0.0008
5.4509 0.0006
2.2149 0.0009
40.4964 0.0004
6.1604 0.0008
17.4167 0.0006
39.1109 0.0002
68.8563 0.0002
16.7521 0.0007
4.3908 0.0007
18.4061 0.0006
0.7900 0.0011
58.1283 0.0004
55.7963 0.0004
283.5211 0.0002
5.7842 0.0004
3.0204 0.0008
12.3294 0.0005
10.8668 0.0006
3.1306 0.0008
15.0825 0.0005
27.1053 0.0005
86.1877 0.0003
108.7633 0.0004
35.4008 0.0004
40.0523 0.0006
4.8467 0.0005
6.3994 0.0007
2.1073 0.0008
11.6843 0.0004
3.2743 0.0007
5.8828 0.0008
1.6000 0.0006
33.3008 0.0003
15.3609 0.0005
1.9661 0.0007
3.0794 0.0007
1.8803 0.0009
35.6201 0.0003
12.3571 0.0004
89.2250 0.0003
6.6095 0.0007
10.8643 0.0007
2.4492 0.0009
3.3349 0.0007
3.0570 0.0005
1.3689 0.0009
2.1125 0.0010
2.7635 0.0008
41.2805 0.0005
191.7757 0.0002
15.1576 0.0004
9.4266 0.0006
1.7730 0.0010
146.3135 0.0003
10.7331 0.0004
95.1041 0.0003
40.4678 0.0004
57.4530 0.0004
105.3141 0.0003
2.8028 0.0007
75.9151 0.0003
139.5531 0.0001
4.0405 0.0007
89.5506 0.0003
0.6718 0.0011
4.0951 0.0004
171.2553 0.0002
128.5848 0.0003
178.6225 0.0002
117.7436 0.0003
2.9981 0.0008
71.2978 0.0002
4.8144 0.0007
9.9606 0.0007
30.2672 0.0002
56.5548 0.0003
84.4656 0.0003
105.8562 0.0003
65.4673 0.0004
9.1778 0.0004
3.6868 0.0009
36.0920 0.0004
329.9926 0.0001
0.6567 0.0012
52.9090 0.0005
25.5910 0.0005
1.0145 0.0010
0.7744 0.0009
4.9329 0.0005
191.6185 0.0002
3.1949 0.0009
18.5612 0.0004
1.3747 0.0010
90.6044 0.0002
15.8541 0.0003
7.2912 0.0007
4.0522 0.0009
9.6847 0.0006
4.9436 0.0006
5.7022 0.0008
12.5018 0.0006
4.2134 0.0007
69.6976 0.0002
10.7950 0.0007
483.2828 0.0002
3.1370 0.0007
99.3145 0.0003
1.0254 0.0011
128.4824 0.0001
3.9403 0.0005
0.7951 0.0012
11.6733 0.0007
6.7876 0.0007
5.1612 0.0003
92.2322 0.0003
24.0685 0.0005
116.2584 0.0002
6.8001 0.0005
1.0244 0.0012
7.8329 0.0008
1.1557 0.0009
63.9866 0.0004
1.4876 0.0007
2.8892 0.0006
62.1073 0.0004
11.4029 0.0008
52.5017 0.0004
33.0336 0.0006
234.3348 0.0002
39.6727 0.0003
5.6413 0.0008
23.4680 0.0004
46.3996 0.0003
60.0984 0.0003
3.6722 0.0006
19.1553 0.0003
5.1731 0.0005
5.8645 0.0008
1.9606 0.0009
79.6870 0.0002
1.6349 0.0009
135.8770 0.0002
20.4443 0.0004
55.9932 0.0004
3.2373 0.0011
7.1285 0.0006
27.9033 0.0002
46.0221 0.0003
17.2498 0.0006
81.7680 0.0003
50.6296 0.0003
112.5907 0.0003
7.8266 0.0006
7.8101 0.0007
2.4594 0.0006
2.4848 0.0010
1.7196 0.0010
10.5825 0.0003
1.2872 0.0010
105.1894 0.0002
1.7369 0.0010
2.4238 0.0010
9.4460 0.0007
11.2097 0.0004
131.3390 0.0002
2.7088 0.0007
154.4945 0.0002
3.3956 0.0006
2.2321 0.0006
163.2194 0.0002
27.8243 0.0004
129.2069 0.0003
44.1744 0.0004
6.5675 0.0006
9.7951 0.0006
2.3087 0.0009
10.7972 0.0007
146.9384 0.0002
7.6384 0.0007
1.6107 0.0009
23.6027 0.0007
257.3402 0.0001
8.8842 0.0005
30.3340 0.0005
2.5819 0.0009
2.5494 0.0008
125.2098 0.0002
164.5626 0.0002
223.4240 0.0002
9.8105 0.0007
2.1769 0.0008
87.0712 0.0003
0.9715 0.0012
42.9699 0.0005
202.2100 0.0002
407.1982 0.0001
11.2126 0.0007
7.7822 0.0008
11.3740 0.0006
1.8962 0.0011
1.9128 0.0006
4.1810 0.0009
4.8390 0.0009
13.0359 0.0001
29.1308 0.0004
250.5256 0.0002
11.7843 0.0008
4.9702 0.0003
6.5259 0.0002
36.2092 0.0003
5.8006 0.0009
13.9956 0.0006
139.3446 0.0001
10.3466 0.0006
2.3898 0.0007
21.3412 0.0004
2.5444 0.0008
3.7103 0.0011
1.8674 0.0009
32.1512 0.0005
4.7483 0.0006
23.6617 0.0005
37.0015 0.0004
156.5037 0.0001
4.9216 0.0008
2.3186 0.0008
2.2364 0.0008
12.3173 0.0004
101.7253 0.0002
10.7484 0.0008
155.0510 0.0002
6.2411 0.0004
134.3844 0.0003
343.9346 0.0001
20.9229 0.0004
244.6090 0.0002
107.2263 0.0003
56.1631 0.0004
28.6413 0.0005
59.9102 0.0004
31.5109 0.0004
27.6778 0.0004
1.9202 0.0009
4.7172 0.0008
66.0025 0.0003
88.3262 0.0003
6.0326 0.0006
95.8403 0.0003
81.1349 0.0002
87.6495 0.0004
137.2279 0.0003
8.3118 0.0006
4.1457 0.0008
47.8349 0.0003
1.6866 0.0011
2.5462 0.0008
96.9287 0.0003
68.5932 0.0003
130.8690 0.0001
5.3485 0.0006
11.7092 0.0006
13.1766 0.0005
89.1796 0.0003
140.8263 0.0002
1.1049 0.0010
326.8975 0.0003
4.1367 0.0005
23.1147 0.0003
4.9055 0.0008
21.4995 0.0004
2.5404 0.0003
105.1013 0.0002
146.7040 0.0003
159.8641 0.0002
32.1981 0.0003
1.8617 0.0011
4.3456 0.0008
48.6520 0.0004
2.4558 0.0009
14.5033 0.0006
2.7600 0.0005
88.3639 0.0003
12.0879 0.0006
5.6224 0.0005
0.8381 0.0008
1.5642 0.0006
7.2486 0.0005
33.1885 0.0005
48.0989 0.0002
144.8049 0.0002
2.0400 0.0011
5.8907 0.0004
19.6640 0.0006
17.5652 0.0003
2.3351 0.0008
38.5372 0.0004
6.1782 0.0006
6.6688 0.0008
55.1435 0.0004
7.9026 0.0007
2.9850 0.0010
55.4768 0.0003
18.9141 0.0006
2.3859 0.0009
44.7280 0.0002
2.4316 0.0008
87.6801 0.0003
68.1495 0.0004
2.3861 0.0010
87.1569 0.0003
6.4219 0.0008
7.7527 0.0005
1.6562 0.0008
85.7470 0.0003
95.4388 0.0003
255.4696 0.0002
3.9023 0.0006
7.4106 0.0005
40.0952 0.0005
2.7133 0.0007
1.5394 0.0007
44.7672 0.0004
2.6365 0.0005
3.0119 0.0006
80.9017 0.0003
1.6699 0.0010
28.0276 0.0005
47.7609 0.0004
39.2269 0.0003
19.7312 0.0003
4.3979 0.0006
241.1427 0.0003
103.5945 0.0003
4.4157 0.0009
3.2819 0.0008
6.2095 0.0006
3.9826 0.0007
3.4124 0.0009
13.1888 0.0006
93.6260 0.0003
63.8582 0.0004
4.2466 0.0008
9.6193 0.0007
91.7505 0.0003
6.0540 0.0006
45.3358 0.0004
0.6327 0.0011
5.3460 0.0008
1.4326 0.0006
64.6259 0.0004
0.6200 0.0012
45.7994 0.0004
20.5868 0.0007
8.6103 0.0003
2.9718 0.0008
5.7205 0.0007
1.4163 0.0010
65.0825 0.0003
30.5212 0.0003
3.7315 0.0008
175.7766 0.0001
2.3380 0.0005
19.5784 0.0002
2.0923 0.0007
21.3001 0.0004
4.8616 0.0008
16.5976 0.0005
31.9710 0.0005
2.7335 0.0010
3.7621 0.0007
34.1805 0.0003
149.8694 0.0002
6.2267 0.0005
237.0717 0.0002
217.4484 0.0001
15.0279 0.0005
51.6497 0.0004
61.1505 0.0004
58.1328 0.0003
38.1825 0.0004
0.5912 0.0012
14.1980 0.0004
1.6604 0.0002
2.2939 0.0009
2.8491 0.0007
47.6922 0.0005
184.1379 0.0002
12.2430 0.0004
2.9281 0.0009
517.7315 0.0273
73.9002 0.0004
12.6637 0.0003
41.1771 0.0004
2.3125 0.0006
98.5657 0.0003
66.2240 0.0003
1.6935 0.0007
2.5825 0.0009
135.5055 0.0003
2.8562 0.0006
90.2340 0.0003
62.7154 0.0003
36.2177 0.0005
6.2225 0.0008
56.8438 0.0004
252.2496 0.0002
2.2990 0.0010
1.4492 0.0009
259.5382 0.0001
30.6374 0.0003
1.5200 0.0010
92.3925 0.0003
59.4322 0.0004
50.4979 0.0005
27.9368 0.0004
4.1008 0.0008
74.0117 0.0004
39.2447 0.0002
8.8370 0.0004
12.7690 0.0005
3.1451 0.0010
10.3237 0.0004
0.3777 0.0013
1.4420 0.0009
4.1692 0.0007
4.0608 0.0008
154.2726 0.0003
24.9078 0.0004
23.5055 0.0005
7.0505 0.0009
4.7219 0.0008
3.9468 0.0003
0.2099 0.0016
4.0519 0.0009
1.2780 0.0008
20.7847 0.0006
5.0788 0.0006
57.5229 0.0003
1.9171 0.0008
185.3854 0.0001
2.3471 0.0009
2.5738 0.0005
2.2341 0.0009
105.8531 0.0003
21.2744 0.0005
24.8822 0.0003
0.6243 0.0008
141.6608 0.0002
27.1171 0.0005
2.4149 0.0008
13.9637 0.0008
8.1752 0.0005
21.6513 0.0006
177.6696 0.0002
16.1453 0.0005
2.3779 0.0009
7.9664 0.0004
1.8364 0.0009
4.3767 0.0007
7.1470 0.0008
240.8612 0.0002
19.2079 0.0006
17.8463 0.0006
25.6537 0.0005
2.7721 0.0006
23.6003 0.0004
3.0173 0.0008
38.9576 0.0005
3.6690 0.0007
8.2176 0.0005
6.5651 0.0008
10.6906 0.0005
0.6292 0.0009
125.3629 0.0004
1.4727 0.0011
30.6928 0.0003
1.0523 0.0011
150.8318 0.0003
37.9471 0.0004
3.9999 0.0010
10.3216 0.0002
14.7102 0.0006
7.3866 0.0005
7.3450 0.0008
61.7866 0.0003
8.4740 0.0008
73.6140 0.0002
6.4984 0.0007
19.5973 0.0004
302.9828 0.0001
17.0639 0.0007
5.7368 0.0007
28.5136 0.0003
137.1164 0.0002
3.9732 0.0009
8.6456 0.0006
27.3501 0.0003
183.0870 0.0003
0.6625 0.0009
3.8278 0.0005
25.1820 0.0004
6.2275 0.0005
3.4985 0.0008
144.1872 0.0003
7.9016 0.0003
30.1964 0.0003
42.5888 0.0003
12.7207 0.0004
18.5627 0.0006
94.8324 0.0002
40.6878 0.0003
15.3603 0.0006
14.5499 0.0007
9.2743 0.0006
11.1885 0.0008
32.3459 0.0005
43.5619 0.0005
3.9665 0.0009
4.6749 0.0008
31.4260 0.0005
26.3689 0.0003
1.0852 0.0008
37.7951 0.0001
29.0248 0.0005
372.1235 0.0002
8.4551 0.0006
82.1589 0.0003
57.8930 0.0003
3.1138 0.0008
3.9386 0.0007
2.6765 0.0008
4.8295 0.0008
89.7692 0.0001
67.2657 0.0003
0.9946 0.0013
1.2357 0.0011
185.0538 0.0002
3.4041 0.0010
6.2105 0.0004
42.5783 0.0003
5.8870 0.0003
0.3710 0.0013
28.5367 0.0004
47.2504 0.0001
5.3870 0.0008
2.0401 0.0007
1.9147 0.0007
3.2264 0.0007
35.5097 0.0004
7.2374 0.0006
3.8965 0.0007
24.8297 0.0005
3.1121 0.0010
3.1564 0.0006
8.7545 0.0005
20.0023 0.0005
6.8202 0.0007
40.0680 0.0004
44.4651 0.0004
16.3884 0.0007
26.6032 0.0005
255.9320 0.0001
87.2768 0.0003
38.4885 0.0004
20.4875 0.0005
12.6416 0.0003
95.0066 0.0002
20.1444 0.0005
1.5407 0.0011
10.0442 0.0006
4.1023 0.0006
21.0868 0.0005
63.7710 0.0003
52.0396 0.0004
67.2532 0.0003
6.3329 0.0005
6.6873 0.0006
55.4576 0.0003
2.2193 0.0006
447.1150 0.0001
421.9184 0.0001
83.6522 0.0002
30.3747 0.0005
1.4714 0.0010
46.9885 0.0003
1.2699 0.0010
3.4611 0.0009
33.9487 0.0003
102.4580 0.0003
1.3010 0.0012
45.2266 0.0004
49.0079 0.0003
1.0172 0.0009
332.6779 0.0002
49.1272 0.0004
0.6619 0.0012
3.2774 0.0009
9.3262 0.0006
186.9132 0.0002
11.1800 0.0007
3.6443 0.0007
3.3007 0.0008
1.0455 0.0011
2.9395 0.0006
2.0729 0.0008
2.4243 0.0009
4.3214 0.0007
15.1244 0.0006
20.6002 0.0004
35.4195 0.0005
95.6282 0.0003
2.3777 0.0009
1.4451 0.0009
452.8997 0.0001
1.9275 0.0010
32.4678 0.0005
0.9455 0.0009
2.7476 0.0006
11.7986 0.0003
17.6202 0.0005
5.7720 0.0008
25.5645 0.0003
145.5142 0.0004
10.4696 0.0005
127.6237 0.0003
324.7814 0.0001
15.0296 0.0007
2.0051 0.0007
97.0275 0.0004
271.4730 0.0002
0.3930 0.0014
68.8767 0.0002
58.7721 0.0004
2.4849 0.0010
141.0606 0.0002
544.9959 0.0375
7.8105 0.0006
7.5509 0.0005
8.8049 0.0005
41.2266 0.0004
0.9787 0.0008
2.2695 0.0006
4.2755 0.0008
28.8420 0.0004
5.4145 0.0005
4.9944 0.0008
37.1269 0.0004
3.0644 0.0009
6.3178 0.0006
257.2964 0.0001
2.0258 0.0009
65.6252 0.0003
2.7588 0.0008
3.6563 0.0008
37.0873 0.0004
3.7397 0.0008
6.1343 0.0007
54.9553 0.0003
9.0691 0.0005
2.5302 0.0008
13.7571 0.0007
51.6176 0.0003
4.5038 0.0005
659.1411 0.0685
2.7329 0.0006
212.4828 0.0001
1.3075 0.0008
176.7641 0.0002
15.3948 0.0006
438.2660 0.0002
3.5429 0.0008
4.1587 0.0007
2.5287 0.0010
526.3490 0.0272
26.5607 0.0003
11.5277 0.0006
4.2024 0.0006
3.8084 0.0005
5.1963 0.0006
50.0699 0.0004
0.3622 0.0013
2.7391 0.0008
10.2013 0.0005
59.0505 0.0003
24.5435 0.0005
1.3571 0.0011
71.5645 0.0003
219.1062 0.0002
0.7703 0.0008
107.5097 0.0003
1.5214 0.0006
4.7291 0.0006
136.5123 0.0003
2.2510 0.0010
5.3122 0.0008
10.2157 0.0004
14.8572 0.0006
159.7340 0.0002
2.6393 0.0009
12.1511 0.0006
1.0096 0.0011
122.4257 0.0001
108.4425 0.0002
31.0755 0.0003
3.5766 0.0008
6.2088 0.0006
272.0035 0.0002
5.5100 0.0009
96.1149 0.0003
1.2939 0.0010
68.8193 0.0002
5.3963 0.0007
3.3873 0.0009
2.3007 0.0006
22.1049 0.0002
2.5002 0.0006
5.9177 0.0006
29.8544 0.0004
132.6922 0.0003
460.0934 0.0002
27.2274 0.0003
104.9352 0.0003
11.5229 0.0003
9.4911 0.0006
105.4358 0.0004
43.1776 0.0003
4.2499 0.0004
28.6079 0.0004
2.3553 0.0008
85.9335 0.0003
100.4247 0.0003
2.6805 0.0010
0.6987 0.0011
8.3304 0.0004
3.4950 0.0007
35.9901 0.0005
0.8990 0.0011
26.0333 0.0006
12.2869 0.0007
23.5832 0.0004
134.3459 0.0003
101.8360 0.0003
3.9825 0.0008
2.7293 0.0008
154.7017 0.0002
5.3415 0.0007
4.2026 0.0007
19.2581 0.0004
8.9591 0.0004
34.5936 0.0004
334.0261 0.0001
29.2095 0.0005
152.3241 0.0003
12.7141 0.0004
4.1952 0.0006
274.7162 0.0002
18.4767 0.0004
2.4434 0.0006
2.3803 0.0008
5.1919 0.0007
52.9265 0.0002
1.3855 0.0005
2.4181 0.0006
4.8828 0.0007
12.8009 0.0005
20.1429 0.0006
48.2012 0.0003
14.3032 0.0004
5.4573 0.0007
2.1868 0.0008
0.9932 0.0011
29.9106 0.0004
4.8069 0.0008
84.9874 0.0002
303.1822 0.0001
49.6483 0.0004
87.9507 0.0003
434.9749 0.0002
3.4312 0.0010
71.7555 0.0003
16.0765 0.0004
3.6613 0.0009
99.3432 0.0003
5.3969 0.0008
9.2598 0.0007
94.3602 0.0003
18.2410 0.0004
9.9956 0.0004
11.3033 0.0005
2.9968 0.0007
4.5493 0.0005
5.2809 0.0005
3.5363 0.0010
11.5677 0.0006
23.0867 0.0002
2.8127 0.0009
8.9425 0.0006
43.5997 0.0004
92.3990 0.0003
51.1417 0.0004
43.6617 0.0004
2.8145 0.0008
37.1762 0.0004
42.6353 0.0004
3.8890 0.0006
153.7365 0.0003
1.3678 0.0011
58.8159 0.0001
50.0822 0.0004
1.8909 0.0011
34.4126 0.0003
6.9221 0.0006
12.0347 0.0004
15.2637 0.0005
1.1683 0.0010
36.1806 0.0004
12.9276 0.0007
88.4002 0.0002
25.1153 0.0006
90.6850 0.0002
9.3624 0.0007
2.5366 0.0008
13.4967 0.0005
308.4546 0.0001
5.2345 0.0005
211.6784 0.0002
84.3329 0.0004
4.6625 0.0008
5.0686 0.0006
46.9545 0.0003
4.2371 0.0006
2.6590 0.0010
94.0762 0.0003
4.4172 0.0008
18.6336 0.0005
2.9576 0.0008
6.0962 0.0006
3.2464 0.0010
20.8734 0.0003
25.1207 0.0005
1.8796 0.0005
2.8133 0.0010
40.5366 0.0005
7.8863 0.0006
2.4139 0.0008
4.2023 0.0008
5.6280 0.0004
3.9457 0.0008
74.8165 0.0003
23.5296 0.0004
103.6349 0.0002
22.9729 0.0003
2.9104 0.0009
51.0919 0.0004
22.4515 0.0003
9.6367 0.0004
8.2885 0.0006
107.2386 0.0002
27.8216 0.0005
1.1934 0.0010
0.4470 0.0013
9.7134 0.0006
70.8809 0.0004
100.3021 0.0003
3.1613 0.0007
3.0726 0.0009
155.4226 0.0003
93.9946 0.0003
98.9504 0.0002
536.3018 0.0421
182.5769 0.0001
44.2365 0.0002
297.8984 0.0001
30.3629 0.0005
8.4179 0.0007
13.5921 0.0003
2.0731 0.0007
237.6971 0.0002
96.4806 0.0003
90.9839 0.0003
9.2136 0.0007
2.8217 0.0008
10.8238 0.0005
166.3085 0.0002
30.9686 0.0003
55.2655 0.0003
0.5799 0.0011
104.7723 0.0002
1.2494 0.0010
1.7405 0.0007
54.7172 0.0002
1.9492 0.0009
19.9064 0.0005
48.9502 0.0003
11.1436 0.0008
22.8059 0.0004
5.3735 0.0007
9.5303 0.0005
111.2310 0.0003
41.4096 0.0002
6.6693 0.0005
8.7735 0.0005
8.7852 0.0006
4.1263 0.0008
12.7943 0.0002
6.4299 0.0005
5.7385 0.0007
10.6414 0.0006
5.4935 0.0004
6.4500 0.0009
0.7511 0.0011
33.6820 0.0004
8.1857 0.0008
28.8328 0.0006
13.3908 0.0005
211.5804 0.0001
33.9963 0.0005
32.7780 0.0004
9.1248 0.0007
10.1599 0.0003
8.2286 0.0006
56.7207 0.0003
61.7286 0.0003
4.4789 0.0008
6.3802 0.0006
4.9509 0.0008
4.6014 0.0005
26.3935 0.0003
54.7854 0.0003
37.3243 0.0004
0.8168 0.0011
10.1966 0.0006
4.3124 0.0006
15.8587 0.0004
11.0996 0.0005
77.1093 0.0003
3.6534 0.0009
7.8628 0.0004
2.1042 0.0009
23.6028 0.0005
95.1500 0.0002
37.5026 0.0004
9.3575 0.0004
8.4833 0.0007
5.6316 0.0007
7.0552 0.0008
52.1779 0.0002
51.4341 0.0003
51.4065 0.0003
2.5572 0.0010
3.1643 0.0009
2.0515 0.0009
307.2354 0.0001
26.5343 0.0005
7.8015 0.0005
2.5020 0.0011
30.9151 0.0004
301.3235 0.0001
0.8376 0.0011
3.9109 0.0009
2.0273 0.0011
127.8668 0.0002
58.5022 0.0004
1.8206 0.0010
5.9323 0.0008
6.5732 0.0004
219.6477 0.0002
95.9676 0.0002
2.2493 0.0004
5.8707 0.0006
33.2911 0.0004
145.5229 0.0002
254.3508 0.0002
9.1342 0.0005
83.4712 0.0003
34.1604 0.0004
1.4908 0.0010
1.1070 0.0012
73.2400 0.0003
4.3607 0.0006
103.6522 0.0003
9.6359 0.0005
74.1093 0.0003
1.4521 0.0007
9.3656 0.0006
85.3534 0.0003
100.5984 0.0003
11.7601 0.0004
3.5108 0.0009
2.2950 0.0007
22.7103 0.0005
3.5040 0.0007
8.5294 0.0003
101.0770 0.0003
2.9214 0.0007
7.6321 0.0004
91.7448 0.0003
6.1828 0.0006
25.4488 0.0003
69.9097 0.0003
53.8571 0.0004
49.3135 0.0004
18.3063 0.0003
61.7895 0.0004
11.1781 0.0004
86.0212 0.0002
143.5317 0.0002
10.7452 0.0003
37.1423 0.0002
3.8977 0.0008
1.2174 0.0010
5.0918 0.0007
23.1901 0.0004
70.0344 0.0003
10.4495 0.0006
129.5783 0.0002
4.7445 0.0007
5.2189 0.0005
91.3485 0.0003
104.6724 0.0003
40.5808 0.0003
206.0828 0.0002
64.5322 0.0003
30.4277 0.0004
6.9096 0.0006
122.4566 0.0002
1.8236 0.0008
4.9724 0.0007
1.4084 0.0008
41.6603 0.0005
1.7323 0.0009
519.1116 0.0350
417.6532 0.0001
63.1210 0.0002
10.9884 0.0003
9.7355 0.0004
9.7907 0.0007
1.7041 0.0009
17.1362 0.0006
13.0018 0.0006
60.2705 0.0004
391.9480 0.0001
37.1741 0.0004
29.0698 0.0005
202.8688 0.0002
12.2737 0.0005
66.8287 0.0002
40.3166 0.0003
1.5265 0.0006
1.8603 0.0007
11.6360 0.0005
19.7496 0.0003
6.9121 0.0007
80.6810 0.0002
2.7240 0.0006
82.4830 0.0003
200.0092 0.0001
3.5679 0.0007
9.2899 0.0008
34.7539 0.0004
23.1243 0.0005
1.5648 0.0007
4.5613 0.0005
2.8321 0.0006
1.6151 0.0010
19.6773 0.0002
46.2058 0.0003
43.3371 0.0005
12.2632 0.0005
12.7575 0.0004
79.9536 0.0004
6.8839 0.0005
14.7247 0.0002
6.7578 0.0004
57.4697 0.0002
29.5422 0.0005
5.2898 0.0004
7.1523 0.0004
3.9207 0.0009
5.5494 0.0006
15.2434 0.0006
9.9143 0.0007
23.0113 0.0004
6.5028 0.0008
8.9273 0.0008
123.6185 0.0002
39.3533 0.0004
8.9238 0.0005
3.1215 0.0008
5.2691 0.0003
441.6910 0.0002
63.0086 0.0003
1.7061 0.0012
55.7779 0.0002
39.2527 0.0004
40.0669 0.0003
15.4700 0.0005
70.1962 0.0003
78.1374 0.0004
130.9550 0.0002
69.4241 0.0004
38.3514 0.0005
7.1265 0.0007
1.4245 0.0012
17.2013 0.0006
45.0460 0.0002
172.1252 0.0001
58.6865 0.0003
5.7160 0.0009
7.2115 0.0006
6.7696 0.0007
2.4601 0.0010
1.0520 0.0003
127.1880 0.0002
51.3683 0.0002
5.5908 0.0008
10.8283 0.0005
15.6601 0.0006
20.9050 0.0005
2.2660 0.0005
30.4162 0.0005
14.7723 0.0005
1.8990 0.0008
3.2047 0.0009
2.1119 0.0008
47.0002 0.0004
2.0150 0.0006
52.9966 0.0002
126.2876 0.0003
10.5743 0.0006
40.1356 0.0005
3.7483 0.0009
101.7934 0.0003
71.8884 0.0002
24.7156 0.0005
1.1619 0.0010
20.8537 0.0004
81.4723 0.0003
3.3054 0.0003
14.8662 0.0002
3.9035 0.0005
2.1147 0.0010
6.1179 0.0009
55.1447 0.0004
34.6506 0.0004
14.1262 0.0006
69.7244 0.0004
1.9497 0.0009
67.1415 0.0003
1.9540 0.0011
4.0409 0.0005
9.1780 0.0007
24.2202 0.0005
114.7369 0.0002
304.7024 0.0002
232.3108 0.0002
536.9847 0.0369
61.7508 0.0002
111.2543 0.0003
1.2065 0.0007
13.9276 0.0005
41.1070 0.0004
13.1483 0.0005
3.9470 0.0008
35.1274 0.0004
2.0027 0.0010
106.3036 0.0003
4.9562 0.0008
9.6545 0.0005
88.9664 0.0002
43.7445 0.0004
7.0585 0.0006
24.6538 0.0005
6.1076 0.0007
83.6543 0.0003
3.4827 0.0008
40.2592 0.0004
87.8893 0.0003
50.6579 0.0001
8.7782 0.0007
58.5299 0.0003
336.0468 0.0001
25.8708 0.0005
6.7030 0.0007
6.7261 0.0008
18.2025 0.0006
11.6305 0.0007
4.9718 0.0007
68.0487 0.0003
80.0878 0.0003
10.6699 0.0006
6.0845 0.0004
103.5640 0.0003
12.9472 0.0007
48.8358 0.0002
17.8500 0.0007
21.0209 0.0005
1.5635 0.0006
2.1339 0.0010
60.5049 0.0002
3.6563 0.0005
97.3413 0.0003
4.5521 0.0008
3.8142 0.0007
2.5119 0.0011
3.0570 0.0007
50.4927 0.0003
21.4835 0.0005
6.5604 0.0005
1.2227 0.0010
130.8662 0.0002
211.9528 0.0001
9.3144 0.0004
14.6933 0.0003
5.2990 0.0008
9.4419 0.0005
61.5286 0.0003
52.0875 0.0004
144.5932 0.0001
28.1860 0.0006
4.4873 0.0008
1.8929 0.0009
8.1615 0.0007
61.5440 0.0002
6.8300 0.0006
1.4675 0.0010
33.1934 0.0003
4.5821 0.0005
1.6847 0.0009
2.4372 0.0008
4.6891 0.0006
1.5803 0.0008
72.5093 0.0002
8.7899 0.0003
28.2802 0.0005
10.1965 0.0006
32.9682 0.0002
59.7822 0.0003
0.9649 0.0012
7.5540 0.0007
29.1920 0.0004
197.9429 0.0002
2.5859 0.0004
52.5998 0.0004
55.7871 0.0002
62.6785 0.0003
48.4732 0.0004
66.9865 0.0003
157.5366 0.0001
81.4189 0.0003
2.8594 0.0009
1.2906 0.0011
168.0612 0.0001
2.4607 0.0012
17.3008 0.0005
2.6191 0.0007
43.2423 0.0005
24.4611 0.0001
167.5504 0.0002
9.4122 0.0004
1.8007 0.0010
1.4732 0.0011
301.3997 0.0001
33.9490 0.0004
2.3091 0.0004
20.4141 0.0006
8.0562 0.0008
80.8879 0.0002
62.9377 0.0004
6.8897 0.0007
27.7272 0.0003
143.9360 0.0001
28.2462 0.0004
36.0052 0.0003
1.3734 0.0011
56.0741 0.0003
59.9013 0.0002
2.2296 0.0004
289.2342 0.0001
16.8911 0.0007
2.0171 0.0012
4.8891 0.0007
1.6623 0.0010
3.9430 0.0007
37.0827 0.0003
81.8208 0.0002
1.7423 0.0011
46.4517 0.0005
1.5100 0.0008
31.7238 0.0005
12.8131 0.0008
8.7488 0.0004
5.8446 0.0006
507.4785 0.0001
86.8748 0.0002
1.9704 0.0010
19.3202 0.0005
112.3044 0.0003
115.5933 0.0002
17.5623 0.0004
2.8008 0.0009
9.5208 0.0006
32.3456 0.0004
16.1357 0.0004
3.5011 0.0006
70.8793 0.0004
13.6365 0.0006
97.2069 0.0003
24.2741 0.0007
61.6017 0.0003
5.3381 0.0005
3.1265 0.0005
1.0865 0.0010
191.1736 0.0002
5.1341 0.0006
23.4220 0.0004
8.2448 0.0006
2.5529 0.0006
6.3471 0.0006
1.9886 0.0009
4.5386 0.0004
7.6096 0.0007
43.7565 0.0004
91.3010 0.0003
93.0799 0.0002
4.9299 0.0005
1.6592 0.0012
13.3032 0.0007
7.2419 0.0008
18.1285 0.0004
16.6583 0.0002
12.7177 0.0006
2.9302 0.0005
419.3554 0.0001
19.9108 0.0004
3.3214 0.0009
15.0698 0.0003
1.5728 0.0009
1.6948 0.0010
8.7975 0.0006
24.8256 0.0004
1.5799 0.0011
14.2519 0.0005
54.7173 0.0003
127.1367 0.0003
1.8239 0.0006
14.0172 0.0006
2.8237 0.0008
3.4345 0.0010
2.6024 0.0006
66.1401 0.0002
512.6255 0.0001
39.2195 0.0004
38.0828 0.0003
90.3516 0.0003
5.5819 0.0006
157.7725 0.0002
33.5455 0.0005
77.5624 0.0002
16.2775 0.0005
22.9970 0.0006
19.1956 0.0005
150.0296 0.0002
6.5389 0.0008
9.5671 0.0004
1.3318 0.0010
2.7576 0.0008
67.8760 0.0004
135.5583 0.0003
6.7251 0.0005
3.8121 0.0006
2.9734 0.0008
99.1742 0.0002
1.9624 0.0008
44.3576 0.0004
34.1049 0.0003
4.5964 0.0006
109.5082 0.0003
1.2419 0.0011
5.1260 0.0008
89.9288 0.0003
5.6092 0.0008
10.7147 0.0002
7.2138 0.0007
35.9271 0.0004
1.6288 0.0011
12.6016 0.0006
12.7966 0.0005
78.6207 0.0003
36.3472 0.0005
15.5463 0.0003
41.4821 0.0003
2.6151 0.0006
59.1004 0.0004
18.4152 0.0006
52.1439 0.0005
95.9565 0.0003
3.6016 0.0006
101.1069 0.0002
5.3305 0.0008
2.0164 0.0007
10.4481 0.0003
31.3105 0.0004
105.6191 0.0003
29.5358 0.0003
3.6329 0.0006
46.0973 0.0004
10.7062 0.0006
7.6497 0.0001
2.2487 0.0010
32.0840 0.0004
7.9586 0.0007
1.4382 0.0011
59.2908 0.0003
11.2473 0.0006
33.1761 0.0004
79.2060 0.0003
200.7994 0.0002
69.0089 0.0004
2.9211 0.0004
216.3068 0.0002
61.8431 0.0003
2.7014 0.0008
82.0228 0.0003
115.3717 0.0003
17.8711 0.0002
98.0933 0.0003
3.1864 0.0006
141.7942 0.0002
5.1422 0.0007
4.2349 0.0006
9.5166 0.0006
15.5981 0.0004
10.6636 0.0005
13.3743 0.0005
44.3195 0.0004
119.8200 0.0002
32.4542 0.0002
24.2434 0.0004
91.3451 0.0003
13.1520 0.0004
6.3003 0.0006
25.5402 0.0003
3.0842 0.0009
76.5957 0.0003
2.4765 0.0006
26.3396 0.0004
187.1724 0.0002
26.6031 0.0004
9.2408 0.0008
77.9329 0.0004
1.9239 0.0006
56.1005 0.0003
4.6153 0.0006
26.1196 0.0004
47.9059 0.0003
4.1234 0.0007
29.3468 0.0005
2.2228 0.0007
2.2542 0.0006
208.0678 0.0002
18.1607 0.0005
3.3187 0.0008
151.8313 0.0001
6.7179 0.0006
82.7760 0.0003
3.7279 0.0008
0.6564 0.0012
73.7559 0.0005
5.3347 0.0005
3.0719 0.0007
57.6796 0.0003
8.6032 0.0008
0.8388 0.0009
14.6944 0.0004
2.0785 0.0010
153.6446 0.0002
2.6189 0.0006
17.3843 0.0004
3.5758 0.0004
72.4488 0.0003
50.7924 0.0004
15.7085 0.0006
45.0860 0.0005
8.1204 0.0008
156.7059 0.0002
0.8455 0.0010
36.7953 0.0003
56.8596 0.0004
2.3188 0.0011
3.6290 0.0008
16.6827 0.0006
2.2725 0.0007
3.2805 0.0004
7.1093 0.0008
12.9538 0.0006
7.0624 0.0007
2.5059 0.0009
3.7374 0.0005
130.2799 0.0002
200.9448 0.0001
3.5269 0.0009
2.8073 0.0007
21.1945 0.0004
107.5519 0.0003
8.3759 0.0005
1.8147 0.0006
1.9882 0.0009
6.6224 0.0007
9.7651 0.0007
188.8641 0.0002
59.8538 0.0005
41.4315 0.0005
89.1451 0.0003
2.5183 0.0008
59.5211 0.0004
1.4472 0.0003
1.5207 0.0009
6.4495 0.0008
9.0947 0.0005
17.4151 0.0007
2.7167 0.0010
44.2929 0.0004
78.7744 0.0004
166.0681 0.0002
2.3318 0.0011
5.2368 0.0006
3.1181 0.0007
3.8481 0.0007
7.7204 0.0006
41.3854 0.0004
1.9395 0.0009
78.1367 0.0004
3.5437 0.0007
2.3064 0.0008
1.0068 0.0010
95.7072 0.0002
29.1180 0.0005
2.7302 0.0008
8.0871 0.0006
2.2096 0.0003
3.0891 0.0009
5.0423 0.0005
51.9352 0.0004
3.9914 0.0007
4.4209 0.0004
35.9022 0.0002
78.4431 0.0002
166.3610 0.0002
2.4156 0.0009
2.0273 0.0009
1.3140 0.0009
13.1698 0.0001
1.6071 0.0010
49.4023 0.0005
1.6624 0.0008
234.7477 0.0002
44.0006 0.0004
185.8629 0.0003
44.9119 0.0005
33.5795 0.0005
7.6946 0.0008
5.8107 0.0009
8.3997 0.0006
2.1791 0.0008
156.1204 0.0001
90.6705 0.0003
1.2975 0.0009
8.6094 0.0006
0.7720 0.0010
55.4080 0.0004
9.0612 0.0009
126.6591 0.0002
143.5912 0.0002
131.2972 0.0003
4.4528 0.0006
3.5863 0.0009
2.8784 0.0010
22.7834 0.0002
113.2469 0.0003
107.4457 0.0003
6.7614 0.0008
149.3927 0.0001
86.1389 0.0004
12.7232 0.0007
52.0773 0.0003
47.5731 0.0003
61.3650 0.0004
12.4350 0.0007
58.3934 0.0003
0.6693 0.0013
4.7312 0.0006
11.6555 0.0006
283.0332 0.0001
161.5948 0.0002
3.1010 0.0006
3.3249 0.0005
3.2651 0.0005
174.9286 0.0002
2.1912 0.0008
2.0786 0.0009
134.1126 0.0001
1.9655 0.0009
6.5846 0.0008
72.0839 0.0004
2.3631 0.0008
2.0199 0.0009
3.9680 0.0010
50.7789 0.0004
0.7576 0.0010
48.0404 0.0004
5.2938 0.0009
2.2476 0.0010
8.5564 0.0006
49.0515 0.0004
31.6563 0.0002
2.9994 0.0009
25.5014 0.0003
22.8129 0.0004
165.6093 0.0002
55.8628 0.0004
5.9753 0.0007
2.5120 0.0008
64.7805 0.0003
15.5652 0.0005
3.4491 0.0008
2.8169 0.0008
4.1939 0.0007
5.6448 0.0006
3.2583 0.0004
85.7721 0.0003
235.7031 0.0002
39.7462 0.0004
3.8056 0.0008
58.1576 0.0004
59.7794 0.0002
4.2289 0.0004
13.7087 0.0006
1.7218 0.0010
11.9943 0.0006
2.0862 0.0004
40.4477 0.0004
22.8231 0.0005
122.3951 0.0001
2.1248 0.0007
4.8429 0.0009
19.3284 0.0004
45.2394 0.0005
5.1829 0.0005
5.0392 0.0002
43.6928 0.0003
2.2986 0.0006
63.6799 0.0003
4.3761 0.0008
1.3117 0.0009
76.3606 0.0003
1.8777 0.0010
1.5147 0.0011
91.7704 0.0002
10.3590 0.0005
128.1345 0.0002
54.8571 0.0003
2.1685 0.0010
3.2352 0.0009
2.3296 0.0010
23.6667 0.0006
16.0189 0.0006
11.1756 0.0006
2.9860 0.0009
54.3688 0.0004
1.8789 0.0008
20.9982 0.0006
5.8471 0.0006
45.5132 0.0003
33.3917 0.0005
21.7976 0.0005
74.9441 0.0002
3.1342 0.0005
224.8319 0.0001
3.4939 0.0004
13.8744 0.0004
2.3891 0.0007
66.5499 0.0003
1.1427 0.0005
4.5841 0.0009
3.5530 0.0007
4.7019 0.0008
1.4999 0.0007
42.3241 0.0005
53.6871 0.0004
2.2337 0.0004
5.3540 0.0008
20.3660 0.0005
2.9269 0.0004
5.0245 0.0008
82.7974 0.0003
2.0353 0.0008
4.8067 0.0004
116.0377 0.0002
16.0225 0.0006
134.9170 0.0003
2.9946 0.0009
85.3362 0.0002
2.8134 0.0007
8.9809 0.0006
59.3856 0.0003
1.4181 0.0008
93.2735 0.0003
0.4992 0.0012
2.4233 0.0010
4.9445 0.0008
0.5734 0.0011
1.8853 0.0007
160.3162 0.0001
67.5216 0.0003
46.6944 0.0002
5.3751 0.0008
15.0271 0.0005
15.5466 0.0004
304.5662 0.0001
8.2091 0.0008
1.3316 0.0011
8.1277 0.0002
48.8158 0.0004
136.9739 0.0003
138.9168 0.0002
17.0212 0.0006
32.8538 0.0004
19.8720 0.0004
96.7924 0.0003
3.0279 0.0006
26.1644 0.0004
2.2721 0.0007
1.1846 0.0010
0.5230 0.0008
5.5201 0.0005
91.0111 0.0003
413.1497 0.0001
92.1627 0.0003
1.5874 0.0010
29.0599 0.0005
58.0970 0.0005
37.6526 0.0003
7.8196 0.0004
62.5440 0.0002
20.8613 0.0004
1.6237 0.0010
8.2372 0.0006
116.8437 0.0003
6.0100 0.0005
11.0092 0.0006
1.7505 0.0009
2.4687 0.0010
34.5238 0.0003
109.5626 0.0002
