1	69	69
2	69	69
3	69	69
4	69	69
5	69	69
6	69	69
7	69	69
8	69	69
9	69	69
10	69	69
11	69	69
12	69	69
13	69	69
14	69	69
15	69	69
16	69	69
17	69	69
18	69	69
19	69	69
20	69	69
21	1	1
22	69	69
23	69	69
24	69	69
25	69	69
26	69	69
27	69	69
28	69	69
29	69	69
30	69	69
31	69	69
32	69	69
33	69	69
34	69	69
35	2	2
36	3	3
37	69	69
38	69	69
39	69	69
40	69	69
41	69	69
42	69	69
43	69	69
44	69	69
45	69	69
46	69	69
47	69	69
48	69	69
49	69	69
50	69	69
51	69	69
52	69	69
53	69	69
54	69	69
55	69	69
56	69	69
57	69	69
58	69	69
59	69	69
60	69	69
61	69	69
62	69	69
63	69	69
64	69	69
65	69	69
66	69	69
67	69	69
68	69	69
69	69	69
70	69	69
71	69	69
72	69	69
73	69	69
74	4	4
75	69	69
76	69	69
77	69	69
78	69	69
79	69	69
80	69	69
81	69	69
82	69	69
83	69	69
84	69	69
85	69	69
86	69	69
87	69	69
88	5	5
89	69	69
90	69	69
91	69	69
92	69	69
93	69	69
94	69	69
95	69	69
96	69	69
97	69	69
98	69	69
99	69	69
100	6	6
101	69	69
102	69	69
103	69	69
104	69	69
105	69	69
106	69	69
107	69	69
108	69	69
109	69	69
110	69	69
111	69	69
112	69	69
113	7	7
114	69	69
115	69	69
116	69	69
117	69	69
118	69	69
119	69	69
120	69	69
121	69	69
122	69	69
123	69	69
124	69	69
125	69	69
126	69	69
127	69	69
128	69	69
129	69	69
130	69	69
131	69	69
132	69	69
133	69	69
134	69	69
135	69	69
136	69	69
137	69	69
138	69	69
139	69	69
140	69	69
141	69	69
142	69	69
143	69	69
144	69	69
145	69	69
146	69	69
147	69	69
148	69	69
149	69	69
150	69	69
151	69	69
152	69	69
153	69	69
154	69	69
155	69	69
156	69	69
157	69	69
158	69	69
159	69	69
160	69	69
161	69	69
162	69	69
163	69	69
164	69	69
165	69	69
166	69	69
167	8	8
168	69	69
169	69	69
170	69	69
171	69	69
172	69	69
173	69	69
174	69	69
175	69	69
176	69	69
177	69	69
178	69	69
179	69	69
180	69	69
181	69	69
182	69	69
183	69	69
184	69	69
185	69	69
186	69	69
187	69	69
188	69	69
189	69	69
190	69	69
191	69	69
192	69	69
193	69	69
194	69	69
195	69	69
196	69	69
197	69	69
198	69	69
199	69	69
200	69	69
201	69	69
202	69	69
203	69	69
204	69	69
205	69	69
206	69	69
207	69	69
208	69	69
209	69	69
210	69	69
211	69	69
212	69	69
213	69	69
214	69	69
215	69	69
216	69	69
217	69	69
218	69	69
219	69	69
220	69	69
221	69	69
222	69	69
223	69	69
224	69	69
225	69	69
226	69	69
227	69	69
228	69	69
229	69	69
230	69	69
231	69	69
232	69	69
233	69	69
234	9	9
235	69	69
236	69	69
237	69	69
238	69	69
239	69	69
240	69	69
241	69	69
242	69	69
243	69	69
244	69	69
245	69	69
246	69	69
247	69	69
248	69	69
249	69	69
250	69	69
251	10	10
252	69	69
253	69	69
254	69	69
255	69	69
256	69	69
257	69	69
258	69	69
259	69	69
260	69	69
261	69	69
262	69	69
263	69	69
264	69	69
265	69	69
266	69	69
267	69	69
268	69	69
269	69	69
270	69	69
271	69	69
272	69	69
273	69	69
274	69	69
275	69	69
276	69	69
277	11	11
278	69	69
279	69	69
280	12	12
281	69	69
282	69	69
283	69	69
284	69	69
285	69	69
286	69	69
287	69	69
288	69	69
289	69	69
290	69	69
291	69	69
292	69	69
293	69	69
294	69	69
295	69	69
296	69	69
297	69	69
298	69	69
299	69	69
300	69	69
301	69	69
302	69	69
303	69	69
304	69	69
305	69	69
306	69	69
307	69	69
308	69	69
309	69	69
310	69	69
311	69	69
312	69	69
313	69	69
314	69	69
315	13	13
316	69	69
317	69	69
318	69	69
319	69	69
320	14	14
321	15	15
322	69	69
323	69	69
324	69	69
325	69	69
326	69	69
327	69	69
328	69	69
329	69	69
330	69	69
331	69	69
332	69	69
333	69	69
334	69	69
335	69	69
336	69	69
337	69	69
338	69	69
339	69	69
340	69	69
341	69	69
342	69	69
343	69	69
344	69	69
345	69	69
346	69	69
347	69	69
348	69	69
349	69	69
350	69	69
351	69	69
352	69	69
353	69	69
354	69	69
355	69	69
356	69	69
357	69	69
358	69	69
359	69	69
360	69	69
361	69	69
362	69	69
363	69	69
364	69	69
365	69	69
366	69	69
367	69	69
368	69	69
369	69	69
370	69	69
371	69	69
372	69	69
373	69	69
374	69	69
375	69	69
376	69	69
377	69	69
378	69	69
379	69	69
380	69	69
381	69	69
382	69	69
383	69	69
384	69	69
385	69	69
386	69	69
387	69	69
388	69	69
389	69	69
390	69	69
391	69	69
392	69	69
393	69	69
394	69	69
395	69	69
396	69	69
397	69	69
398	69	69
399	69	69
400	69	69
401	69	69
402	69	69
403	69	69
404	69	69
405	69	69
406	69	69
407	69	69
408	69	69
409	69	69
410	69	69
411	69	69
412	69	69
413	69	69
414	69	69
415	69	69
416	69	69
417	69	69
418	69	69
419	69	69
420	69	69
421	69	69
422	69	69
423	69	69
424	69	69
425	69	69
426	69	69
427	69	69
428	69	69
429	69	69
430	69	69
431	69	69
432	69	69
433	16	16
434	69	69
435	69	69
436	69	69
437	69	69
438	69	69
439	69	69
440	69	69
441	69	69
442	69	69
443	69	69
444	69	69
445	69	69
446	69	69
447	69	69
448	69	69
449	69	69
450	69	69
451	69	69
452	69	69
453	69	69
454	69	69
455	69	69
456	69	69
457	69	69
458	69	69
459	69	69
460	69	69
461	69	69
462	69	69
463	69	69
464	69	69
465	69	69
466	69	69
467	69	69
468	69	69
469	69	69
470	69	69
471	69	69
472	69	69
473	69	69
474	69	69
475	69	69
476	69	69
477	69	69
478	69	69
479	69	69
480	69	69
481	69	69
482	69	69
483	69	69
484	69	69
485	69	69
486	69	69
487	69	69
488	69	69
489	69	69
490	69	69
491	69	69
492	69	69
493	69	69
494	69	69
495	69	69
496	69	69
497	69	69
498	69	69
499	69	69
500	69	69
501	69	69
502	69	69
503	69	69
504	69	69
505	69	69
506	69	69
507	69	69
508	69	69
509	69	69
510	69	69
511	69	69
512	69	69
513	69	69
514	69	69
515	69	69
516	17	17
517	69	69
518	69	69
519	69	69
520	69	69
521	69	69
522	69	69
523	69	69
524	69	69
525	69	69
526	69	69
527	69	69
528	69	69
529	69	69
530	69	69
531	69	69
532	69	69
533	69	69
534	69	69
535	69	69
536	69	69
537	69	69
538	18	18
539	69	69
540	69	69
541	69	69
542	69	69
543	69	69
544	69	69
545	69	69
546	69	69
547	69	69
548	69	69
549	69	69
550	69	69
551	69	69
552	69	69
553	69	69
554	69	69
555	69	69
556	69	69
557	69	69
558	69	69
559	69	69
560	69	69
561	69	69
562	69	69
563	69	69
564	19	19
565	69	69
566	69	69
567	69	69
568	69	69
569	69	69
570	69	69
571	69	69
572	69	69
573	69	69
574	69	69
575	69	69
576	69	69
577	69	69
578	69	69
579	69	69
580	69	69
581	69	69
582	69	69
583	69	69
584	69	69
585	69	69
586	69	69
587	69	69
588	69	69
589	69	69
590	69	69
591	69	69
592	20	20
593	69	69
594	69	69
595	69	69
596	69	69
597	69	69
598	69	69
599	69	69
600	69	69
601	69	69
602	69	69
603	69	69
604	69	69
605	69	69
606	69	69
607	69	69
608	69	69
609	69	69
610	69	69
611	69	69
612	69	69
613	69	69
614	69	69
615	69	69
616	69	69
617	69	69
618	69	69
619	69	69
620	69	69
621	69	69
622	69	69
623	69	69
624	69	69
625	69	69
626	69	69
627	69	69
628	69	69
629	69	69
630	21	21
631	69	69
632	69	69
633	69	69
634	69	69
635	69	69
636	69	69
637	69	69
638	69	69
639	69	69
640	69	69
641	69	69
642	69	69
643	69	69
644	69	69
645	69	69
646	69	69
647	69	69
648	69	69
649	69	69
650	69	69
651	69	69
652	69	69
653	69	69
654	69	69
655	69	69
656	69	69
657	69	69
658	69	69
659	22	22
660	69	69
661	69	69
662	23	23
663	69	69
664	69	69
665	69	69
666	69	69
667	69	69
668	69	69
669	69	69
670	69	69
671	69	69
672	69	69
673	69	69
674	69	69
675	69	69
676	69	69
677	69	69
678	69	69
679	69	69
680	69	69
681	69	69
682	69	69
683	69	69
684	69	69
685	69	69
686	69	69
687	69	69
688	69	69
689	69	69
690	69	69
691	69	69
692	69	69
693	69	69
694	69	69
695	69	69
696	69	69
697	69	69
698	69	69
699	69	69
700	69	69
701	69	69
702	69	69
703	69	69
704	69	69
705	69	69
706	69	69
707	69	69
708	69	69
709	69	69
710	69	69
711	69	69
712	69	69
713	69	69
714	24	24
715	69	69
716	69	69
717	69	69
718	69	69
719	69	69
720	69	69
721	69	69
722	69	69
723	69	69
724	69	69
725	69	69
726	69	69
727	69	69
728	69	69
729	25	25
730	69	69
731	69	69
732	69	69
733	69	69
734	69	69
735	69	69
736	69	69
737	69	69
738	69	69
739	69	69
740	69	69
741	69	69
742	69	69
743	69	69
744	69	69
745	69	69
746	69	69
747	69	69
748	69	69
749	69	69
750	69	69
751	69	69
752	69	69
753	69	69
754	69	69
755	69	69
756	69	69
757	69	69
758	69	69
759	26	26
760	69	69
761	69	69
762	69	69
763	69	69
764	69	69
765	69	69
766	69	69
767	69	69
768	69	69
769	69	69
770	69	69
771	69	69
772	69	69
773	69	69
774	69	69
775	69	69
776	69	69
777	69	69
778	69	69
779	69	69
780	69	69
781	69	69
782	69	69
783	69	69
784	69	69
785	69	69
786	69	69
787	69	69
788	69	69
789	69	69
790	69	69
791	69	69
792	69	69
793	69	69
794	69	69
795	69	69
796	69	69
797	69	69
798	69	69
799	69	69
800	69	69
801	69	69
802	69	69
803	69	69
804	69	69
805	69	69
806	69	69
807	69	69
808	69	69
809	69	69
810	69	69
811	69	69
812	69	69
813	69	69
814	69	69
815	69	69
816	69	69
817	69	69
818	27	27
819	28	28
820	69	69
821	69	69
822	69	69
823	69	69
824	69	69
825	69	69
826	69	69
827	69	69
828	29	29
829	69	69
830	69	69
831	69	69
832	69	69
833	30	30
834	69	69
835	69	69
836	69	69
837	69	69
838	69	69
839	69	69
840	69	69
841	31	31
842	69	69
843	69	69
844	69	69
845	69	69
846	69	69
847	69	69
848	69	69
849	69	69
850	69	69
851	69	69
852	69	69
853	69	69
854	69	69
855	69	69
856	69	69
857	69	69
858	69	69
859	69	69
860	69	69
861	69	69
862	69	69
863	69	69
864	32	32
865	69	69
866	69	69
867	69	69
868	69	69
869	69	69
870	33	33
871	69	69
872	69	69
873	69	69
874	69	69
875	69	69
876	69	69
877	69	69
878	69	69
879	69	69
880	69	69
881	69	69
882	69	69
883	69	69
884	69	69
885	69	69
886	69	69
887	69	69
888	69	69
889	69	69
890	69	69
891	69	69
892	69	69
893	69	69
894	69	69
895	69	69
896	69	69
897	69	69
898	69	69
899	69	69
900	69	69
901	69	69
902	69	69
903	69	69
904	69	69
905	69	69
906	69	69
907	69	69
908	69	69
909	69	69
910	69	69
911	69	69
912	69	69
913	69	69
914	69	69
915	69	69
916	69	69
917	69	69
918	69	69
919	69	69
920	69	69
921	69	69
922	69	69
923	69	69
924	69	69
925	69	69
926	69	69
927	69	69
928	69	69
929	69	69
930	69	69
931	69	69
932	69	69
933	69	69
934	69	69
935	69	69
936	69	69
937	69	69
938	69	69
939	69	69
940	69	69
941	69	69
942	69	69
943	69	69
944	69	69
945	69	69
946	69	69
947	69	69
948	69	69
949	69	69
950	69	69
951	69	69
952	69	69
953	69	69
954	69	69
955	69	69
956	69	69
957	69	69
958	69	69
959	69	69
960	69	69
961	69	69
962	69	69
963	34	34
964	69	69
965	69	69
966	69	69
967	69	69
968	69	69
969	69	69
970	69	69
971	69	69
972	69	69
973	69	69
974	69	69
975	69	69
976	69	69
977	69	69
978	69	69
979	69	69
980	69	69
981	69	69
982	69	69
983	69	69
984	69	69
985	69	69
986	69	69
987	69	69
988	69	69
989	69	69
990	69	69
991	69	69
992	69	69
993	69	69
994	69	69
995	69	69
996	35	35
997	69	69
998	69	69
999	69	69
1000	69	69
1001	69	69
1002	69	69
1003	69	69
1004	69	69
1005	69	69
1006	69	69
1007	69	69
1008	69	69
1009	69	69
1010	69	69
1011	69	69
1012	36	36
1013	69	69
1014	69	69
1015	69	69
1016	69	69
1017	69	69
1018	69	69
1019	69	69
1020	69	69
1021	69	69
1022	69	69
1023	69	69
1024	69	69
1025	37	37
1026	69	69
1027	69	69
1028	69	69
1029	69	69
1030	69	69
1031	69	69
1032	69	69
1033	69	69
1034	69	69
1035	69	69
1036	69	69
1037	38	38
1038	69	69
1039	69	69
1040	69	69
1041	69	69
1042	69	69
1043	69	69
1044	69	69
1045	69	69
1046	69	69
1047	69	69
1048	69	69
1049	69	69
1050	69	69
1051	69	69
1052	69	69
1053	69	69
1054	69	69
1055	69	69
1056	69	69
1057	69	69
1058	39	39
1059	69	69
1060	69	69
1061	69	69
1062	69	69
1063	69	69
1064	69	69
1065	69	69
1066	69	69
1067	69	69
1068	69	69
1069	69	69
1070	69	69
1071	69	69
1072	69	69
1073	69	69
1074	69	69
1075	69	69
1076	69	69
1077	69	69
1078	69	69
1079	69	69
1080	69	69
1081	69	69
1082	69	69
1083	69	69
1084	40	40
1085	69	69
1086	69	69
1087	69	69
1088	69	69
1089	69	69
1090	69	69
1091	69	69
1092	69	69
1093	69	69
1094	69	69
1095	69	69
1096	69	69
1097	69	69
1098	69	69
1099	69	69
1100	69	69
1101	69	69
1102	69	69
1103	69	69
1104	69	69
1105	69	69
1106	41	41
1107	69	69
1108	69	69
1109	69	69
1110	69	69
1111	69	69
1112	69	69
1113	69	69
1114	69	69
1115	69	69
1116	69	69
1117	69	69
1118	69	69
1119	69	69
1120	69	69
1121	69	69
1122	69	69
1123	69	69
1124	69	69
1125	69	69
1126	69	69
1127	69	69
1128	69	69
1129	69	69
1130	69	69
1131	69	69
1132	69	69
1133	69	69
1134	69	69
1135	69	69
1136	69	69
1137	69	69
1138	69	69
1139	69	69
1140	42	42
1141	69	69
1142	69	69
1143	69	69
1144	69	69
1145	69	69
1146	69	69
1147	69	69
1148	69	69
1149	69	69
1150	69	69
1151	69	69
1152	69	69
1153	69	69
1154	43	43
1155	69	69
1156	69	69
1157	69	69
1158	69	69
1159	69	69
1160	69	69
1161	44	44
1162	69	69
1163	69	69
1164	69	69
1165	69	69
1166	69	69
1167	69	69
1168	69	69
1169	69	69
1170	69	69
1171	69	69
1172	69	69
1173	69	69
1174	69	69
1175	69	69
1176	45	45
1177	69	69
1178	69	69
1179	69	69
1180	69	69
1181	69	69
1182	69	69
1183	69	69
1184	69	69
1185	69	69
1186	69	69
1187	46	46
1188	69	69
1189	69	69
1190	69	69
1191	69	69
1192	69	69
1193	69	69
1194	47	47
1195	69	69
1196	69	69
1197	69	69
1198	69	69
1199	69	69
1200	48	48
1201	69	69
1202	69	69
1203	69	69
1204	69	69
1205	69	69
1206	49	49
1207	69	69
1208	69	69
1209	69	69
1210	69	69
1211	69	69
1212	69	69
1213	69	69
1214	69	69
1215	69	69
1216	69	69
1217	69	69
1218	69	69
1219	69	69
1220	69	69
1221	69	69
1222	69	69
1223	69	69
1224	69	69
1225	69	69
1226	69	69
1227	69	69
1228	69	69
1229	69	69
1230	69	69
1231	69	69
1232	69	69
1233	69	69
1234	69	69
1235	69	69
1236	69	69
1237	69	69
1238	69	69
1239	69	69
1240	69	69
1241	69	69
1242	69	69
1243	69	69
1244	69	69
1245	69	69
1246	69	69
1247	69	69
1248	69	69
1249	69	69
1250	69	69
1251	69	69
1252	69	69
1253	69	69
1254	69	69
1255	69	69
1256	69	69
1257	69	69
1258	69	69
1259	69	69
1260	69	69
1261	69	69
1262	50	50
1263	69	69
1264	69	69
1265	69	69
1266	69	69
1267	51	51
1268	52	52
1269	69	69
1270	69	69
1271	69	69
1272	69	69
1273	69	69
1274	69	69
1275	69	69
1276	53	53
1277	69	69
1278	69	69
1279	69	69
1280	69	69
1281	69	69
1282	69	69
1283	69	69
1284	69	69
1285	69	69
1286	54	54
1287	69	69
1288	55	55
1289	69	69
1290	69	69
1291	69	69
1292	69	69
1293	69	69
1294	56	56
1295	69	69
1296	69	69
1297	69	69
1298	69	69
1299	69	69
1300	69	69
1301	69	69
1302	69	69
1303	69	69
1304	69	69
1305	69	69
1306	69	69
1307	69	69
1308	69	69
1309	69	69
1310	69	69
1311	69	69
1312	69	69
1313	69	69
1314	69	69
1315	69	69
1316	69	69
1317	69	69
1318	69	69
1319	69	69
1320	69	69
1321	69	69
1322	69	69
1323	69	69
1324	69	69
1325	69	69
1326	69	69
1327	69	69
1328	69	69
1329	69	69
1330	69	69
1331	69	69
1332	69	69
1333	69	69
1334	57	57
1335	69	69
1336	69	69
1337	69	69
1338	69	69
1339	69	69
1340	69	69
1341	69	69
1342	69	69
1343	69	69
1344	69	69
1345	69	69
1346	69	69
1347	69	69
1348	69	69
1349	69	69
1350	69	69
1351	69	69
1352	69	69
1353	69	69
1354	69	69
1355	69	69
1356	69	69
1357	58	58
1358	69	69
1359	69	69
1360	69	69
1361	69	69
1362	69	69
1363	69	69
1364	69	69
1365	69	69
1366	69	69
1367	69	69
1368	69	69
1369	69	69
1370	69	69
1371	69	69
1372	69	69
1373	69	69
1374	69	69
1375	69	69
1376	69	69
1377	69	69
1378	69	69
1379	69	69
1380	69	69
1381	69	69
1382	69	69
1383	69	69
1384	69	69
1385	59	59
1386	69	69
1387	69	69
1388	69	69
1389	69	69
1390	69	69
1391	69	69
1392	69	69
1393	69	69
1394	69	69
1395	69	69
1396	69	69
1397	69	69
1398	69	69
1399	60	60
1400	69	69
1401	69	69
1402	69	69
1403	69	69
1404	69	69
1405	69	69
1406	69	69
1407	61	61
1408	62	62
1409	69	69
1410	63	63
1411	69	69
1412	69	69
1413	69	69
1414	69	69
1415	69	69
1416	69	69
1417	69	69
1418	69	69
1419	69	69
1420	69	69
1421	69	69
1422	69	69
1423	69	69
1424	69	69
1425	69	69
1426	69	69
1427	69	69
1428	64	64
1429	69	69
1430	69	69
1431	69	69
1432	69	69
1433	69	69
1434	69	69
1435	69	69
1436	69	69
1437	69	69
1438	69	69
1439	69	69
1440	69	69
1441	69	69
1442	69	69
1443	65	65
1444	69	69
1445	66	66
1446	69	69
1447	69	69
1448	69	69
1449	69	69
1450	69	69
1451	69	69
1452	69	69
1453	69	69
1454	69	69
1455	69	69
1456	67	67
1457	69	69
1458	69	69
1459	69	69
1460	69	69
1461	69	69
1462	69	69
1463	69	69
1464	69	69
1465	69	69
1466	69	69
1467	69	69
1468	69	69
1469	69	69
1470	69	69
1471	69	69
1472	69	69
1473	69	69
1474	69	69
1475	69	69
1476	69	69
1477	69	69
1478	69	69
1479	69	69
1480	69	69
1481	69	69
1482	69	69
1483	69	69
1484	69	69
1485	69	69
1486	69	69
1487	69	69
1488	69	69
1489	69	69
1490	69	69
1491	69	69
1492	69	69
1493	69	69
1494	69	69
1495	68	68
1496	69	69
1497	69	69
1498	69	69
1499	69	69
1500	69	69
1501	69	69
1502	69	69
1503	69	69
1504	69	69
1505	69	69
1506	69	69
1507	69	69
1508	69	69
1509	69	69
1510	69	69
1511	69	69
1512	69	69
1513	69	69
1514	69	69
1515	69	69
1516	69	69
1517	69	69
1518	69	69
1519	69	69
1520	69	69
1521	69	69
1522	69	69
1523	69	69
1524	69	69
1525	69	69
1526	69	69
1527	69	69
1528	69	69
1529	69	69
1530	69	69
1531	69	69
1532	69	69
1533	69	69
1534	69	69
1535	69	69
1536	69	69
1537	69	69
1538	69	69
1539	69	69
1540	69	69
1541	69	69
1542	69	69
1543	69	69
1544	69	69
1545	69	69
1546	69	69
1547	69	69
1548	69	69
1549	69	69
1550	70	70
1551	69	69
1552	69	69
1553	69	69
1554	69	69
1555	69	69
1556	69	69
1557	69	69
1558	69	69
1559	69	69
1560	69	69
1561	69	69
1562	69	69
1563	69	69
1564	69	69
1565	69	69
1566	69	69
1567	69	69
1568	69	69
1569	69	69
1570	71	71
1571	72	72
1572	69	69
1573	69	69
1574	69	69
1575	69	69
1576	69	69
1577	69	69
1578	69	69
1579	69	69
1580	69	69
1581	69	69
1582	69	69
1583	69	69
1584	69	69
1585	69	69
1586	69	69
1587	69	69
1588	69	69
1589	69	69
1590	69	69
1591	69	69
1592	69	69
1593	69	69
1594	69	69
1595	69	69
1596	73	73
1597	69	69
1598	69	69
1599	69	69
1600	69	69
1601	69	69
1602	69	69
1603	69	69
1604	69	69
1605	69	69
1606	69	69
1607	69	69
1608	69	69
1609	69	69
1610	69	69
1611	69	69
1612	69	69
1613	69	69
1614	69	69
1615	69	69
1616	74	74
1617	69	69
1618	69	69
1619	69	69
1620	69	69
1621	69	69
1622	75	75
1623	69	69
1624	69	69
1625	69	69
1626	69	69
1627	69	69
1628	69	69
1629	69	69
1630	69	69
1631	69	69
1632	69	69
1633	69	69
1634	69	69
1635	69	69
1636	69	69
1637	69	69
1638	69	69
1639	69	69
1640	69	69
1641	69	69
1642	69	69
1643	69	69
1644	76	76
1645	69	69
1646	69	69
1647	69	69
1648	69	69
1649	69	69
1650	69	69
1651	69	69
1652	69	69
1653	69	69
1654	69	69
1655	69	69
1656	77	77
1657	69	69
1658	69	69
1659	69	69
1660	69	69
1661	78	78
1662	69	69
1663	69	69
1664	69	69
1665	69	69
1666	69	69
1667	69	69
1668	69	69
1669	69	69
1670	69	69
1671	69	69
1672	69	69
1673	69	69
1674	69	69
1675	69	69
1676	69	69
1677	69	69
1678	69	69
1679	69	69
1680	69	69
1681	69	69
1682	69	69
1683	69	69
1684	69	69
1685	69	69
1686	69	69
1687	69	69
1688	69	69
1689	69	69
1690	69	69
1691	69	69
1692	69	69
1693	69	69
1694	69	69
1695	79	79
1696	69	69
1697	69	69
1698	69	69
1699	69	69
1700	69	69
1701	69	69
1702	69	69
1703	69	69
1704	69	69
1705	69	69
1706	80	80
1707	69	69
1708	69	69
1709	69	69
1710	69	69
1711	69	69
1712	69	69
1713	69	69
1714	69	69
1715	69	69
1716	69	69
1717	69	69
1718	69	69
1719	69	69
1720	69	69
1721	69	69
1722	69	69
1723	81	81
1724	69	69
1725	69	69
1726	69	69
1727	69	69
1728	69	69
1729	69	69
1730	69	69
1731	69	69
1732	82	82
1733	69	69
1734	69	69
1735	69	69
1736	69	69
1737	69	69
1738	69	69
1739	69	69
1740	69	69
1741	69	69
1742	69	69
1743	69	69
1744	69	69
1745	69	69
1746	83	83
1747	69	69
1748	69	69
1749	69	69
1750	69	69
1751	69	69
1752	69	69
1753	69	69
1754	69	69
1755	69	69
1756	69	69
1757	69	69
1758	69	69
1759	84	84
1760	69	69
1761	69	69
1762	69	69
1763	85	85
1764	69	69
1765	69	69
1766	69	69
1767	69	69
1768	69	69
1769	69	69
1770	69	69
1771	69	69
1772	69	69
1773	69	69
1774	69	69
1775	69	69
1776	69	69
1777	69	69
1778	69	69
1779	69	69
1780	69	69
1781	69	69
1782	69	69
1783	69	69
1784	69	69
1785	69	69
1786	69	69
1787	69	69
1788	69	69
1789	69	69
1790	69	69
1791	69	69
1792	69	69
1793	69	69
1794	69	69
1795	69	69
1796	69	69
1797	69	69
1798	69	69
1799	69	69
1800	69	69
1801	69	69
1802	69	69
1803	69	69
1804	69	69
1805	69	69
1806	69	69
1807	69	69
1808	69	69
1809	69	69
1810	69	69
1811	69	69
1812	69	69
1813	69	69
1814	69	69
1815	69	69
1816	69	69
1817	69	69
1818	69	69
1819	69	69
1820	86	86
1821	69	69
1822	69	69
1823	69	69
1824	69	69
1825	69	69
1826	69	69
1827	69	69
1828	69	69
1829	69	69
1830	69	69
1831	69	69
1832	69	69
1833	69	69
1834	69	69
1835	69	69
1836	69	69
1837	69	69
1838	69	69
1839	69	69
1840	69	69
1841	69	69
1842	69	69
1843	87	87
1844	69	69
1845	69	69
1846	69	69
1847	69	69
1848	69	69
1849	69	69
1850	69	69
1851	69	69
1852	69	69
1853	69	69
1854	69	69
1855	69	69
1856	69	69
1857	69	69
1858	69	69
1859	69	69
1860	69	69
1861	69	69
1862	69	69
1863	69	69
1864	69	69
1865	69	69
1866	69	69
1867	69	69
1868	69	69
1869	69	69
1870	69	69
1871	69	69
1872	88	88
1873	69	69
1874	69	69
1875	69	69
1876	69	69
1877	69	69
1878	69	69
1879	69	69
1880	69	69
1881	69	69
1882	69	69
1883	69	69
1884	69	69
1885	69	69
1886	69	69
1887	69	69
1888	69	69
1889	69	69
1890	69	69
1891	69	69
1892	69	69
1893	69	69
1894	69	69
1895	69	69
1896	69	69
1897	69	69
1898	69	69
1899	69	69
1900	69	69
1901	69	69
1902	69	69
1903	69	69
1904	69	69
1905	69	69
1906	69	69
1907	69	69
1908	89	89
1909	69	69
1910	69	69
1911	69	69
1912	69	69
1913	69	69
1914	90	90
1915	69	69
1916	69	69
1917	69	69
1918	69	69
1919	69	69
1920	69	69
1921	69	69
1922	69	69
1923	69	69
1924	69	69
1925	69	69
1926	69	69
1927	69	69
1928	69	69
1929	69	69
1930	69	69
1931	69	69
1932	91	91
1933	69	69
1934	69	69
1935	69	69
1936	69	69
1937	69	69
1938	69	69
1939	69	69
1940	69	69
1941	69	69
1942	69	69
1943	69	69
1944	69	69
1945	69	69
1946	69	69
1947	69	69
1948	92	92
1949	69	69
1950	69	69
1951	69	69
1952	69	69
1953	69	69
1954	69	69
1955	69	69
1956	69	69
1957	69	69
1958	69	69
1959	69	69
1960	69	69
1961	69	69
1962	69	69
1963	69	69
1964	69	69
1965	69	69
1966	69	69
1967	69	69
1968	69	69
1969	69	69
1970	69	69
1971	69	69
1972	69	69
1973	69	69
1974	69	69
1975	69	69
1976	69	69
1977	69	69
1978	69	69
1979	69	69
1980	69	69
1981	69	69
1982	69	69
1983	69	69
1984	69	69
1985	69	69
1986	69	69
1987	69	69
1988	69	69
1989	69	69
1990	69	69
1991	69	69
1992	69	69
1993	69	69
1994	69	69
1995	69	69
1996	69	69
1997	69	69
1998	69	69
1999	69	69
2000	69	69
2001	69	69
2002	69	69
2003	69	69
2004	69	69
2005	69	69
2006	69	69
2007	69	69
2008	69	69
2009	69	69
2010	69	69
2011	69	69
2012	93	93
2013	94	94
2014	69	69
2015	69	69
2016	69	69
2017	69	69
2018	69	69
2019	69	69
2020	69	69
2021	69	69
2022	69	69
2023	69	69
2024	69	69
2025	69	69
2026	69	69
2027	69	69
2028	95	95
2029	69	69
2030	69	69
2031	69	69
2032	69	69
2033	69	69
2034	69	69
2035	69	69
2036	69	69
2037	69	69
2038	69	69
2039	69	69
2040	69	69
2041	69	69
2042	96	96
2043	69	69
2044	69	69
2045	69	69
2046	69	69
2047	69	69
2048	69	69
2049	69	69
2050	69	69
2051	69	69
2052	69	69
2053	69	69
2054	69	69
2055	69	69
2056	69	69
2057	69	69
2058	97	97
2059	98	98
2060	69	69
2061	69	69
2062	69	69
2063	69	69
2064	69	69
2065	69	69
2066	69	69
2067	69	69
2068	69	69
2069	69	69
2070	69	69
2071	69	69
2072	69	69
2073	69	69
2074	69	69
2075	69	69
2076	69	69
2077	69	69
2078	69	69
2079	69	69
2080	69	69
2081	69	69
2082	69	69
2083	69	69
2084	69	69
2085	69	69
2086	69	69
2087	69	69
2088	69	69
2089	69	69
2090	69	69
2091	69	69
2092	69	69
2093	69	69
2094	69	69
2095	69	69
2096	69	69
2097	69	69
2098	69	69
2099	69	69
2100	69	69
2101	69	69
2102	69	69
2103	69	69
2104	69	69
2105	69	69
2106	69	69
2107	69	69
2108	69	69
2109	69	69
2110	69	69
2111	69	69
2112	69	69
2113	69	69
2114	69	69
2115	69	69
2116	69	69
2117	69	69
2118	69	69
2119	69	69
2120	69	69
2121	69	69
2122	69	69
2123	69	69
2124	69	69
2125	69	69
2126	69	69
2127	69	69
2128	69	69
2129	69	69
2130	69	69
2131	69	69
2132	99	99
2133	69	69
2134	69	69
2135	69	69
2136	69	69
2137	69	69
2138	69	69
2139	69	69
2140	69	69
2141	69	69
2142	69	69
2143	69	69
2144	69	69
2145	69	69
2146	69	69
2147	69	69
2148	69	69
2149	69	69
2150	69	69
2151	69	69
2152	69	69
2153	69	69
2154	69	69
2155	69	69
2156	69	69
2157	69	69
2158	69	69
2159	69	69
2160	69	69
2161	69	69
2162	69	69
2163	69	69
2164	100	100
2165	69	69
2166	69	69
2167	69	69
2168	69	69
2169	101	101
2170	69	69
2171	69	69
2172	69	69
2173	69	69
2174	69	69
2175	69	69
2176	69	69
2177	69	69
2178	69	69
2179	69	69
2180	69	69
2181	69	69
2182	69	69
2183	69	69
2184	69	69
2185	69	69
2186	69	69
2187	69	69
2188	69	69
2189	69	69
2190	69	69
2191	69	69
2192	69	69
2193	69	69
2194	69	69
2195	69	69
2196	69	69
2197	69	69
2198	69	69
2199	69	69
2200	69	69
2201	69	69
2202	69	69
2203	69	69
2204	69	69
2205	69	69
2206	102	102
2207	69	69
2208	69	69
2209	69	69
2210	69	69
2211	69	69
2212	69	69
2213	69	69
2214	69	69
2215	69	69
2216	69	69
2217	103	103
2218	69	69
2219	69	69
2220	69	69
2221	69	69
2222	69	69
2223	69	69
2224	69	69
2225	104	104
2226	69	69
2227	69	69
2228	69	69
2229	69	69
2230	69	69
2231	69	69
2232	69	69
2233	69	69
2234	69	69
2235	69	69
2236	69	69
2237	69	69
2238	105	105
2239	69	69
2240	69	69
2241	69	69
2242	69	69
2243	69	69
2244	69	69
2245	69	69
2246	69	69
2247	69	69
2248	69	69
2249	69	69
2250	69	69
2251	69	69
2252	69	69
2253	106	106
2254	69	69
2255	69	69
2256	69	69
2257	69	69
2258	69	69
2259	69	69
2260	69	69
2261	69	69
2262	69	69
2263	69	69
2264	69	69
2265	69	69
2266	69	69
2267	69	69
2268	107	107
2269	69	69
2270	69	69
2271	69	69
2272	69	69
2273	69	69
2274	69	69
2275	69	69
2276	69	69
2277	69	69
2278	69	69
2279	69	69
2280	69	69
2281	69	69
2282	69	69
2283	69	69
2284	69	69
2285	69	69
2286	69	69
2287	69	69
2288	69	69
2289	69	69
2290	69	69
2291	69	69
2292	69	69
2293	69	69
2294	69	69
2295	69	69
2296	69	69
2297	69	69
2298	69	69
2299	69	69
2300	69	69
2301	69	69
2302	69	69
2303	69	69
2304	69	69
2305	69	69
2306	69	69
2307	69	69
2308	69	69
2309	69	69
2310	69	69
2311	69	69
2312	69	69
2313	69	69
2314	69	69
2315	69	69
2316	69	69
2317	69	69
2318	69	69
2319	69	69
2320	69	69
2321	69	69
2322	69	69
2323	69	69
2324	69	69
2325	69	69
2326	69	69
2327	69	69
2328	69	69
2329	69	69
2330	69	69
2331	69	69
2332	69	69
2333	69	69
2334	69	69
2335	69	69
2336	69	69
2337	69	69
2338	69	69
2339	69	69
2340	69	69
2341	69	69
2342	69	69
2343	69	69
2344	69	69
2345	69	69
2346	69	69
2347	69	69
2348	69	69
2349	69	69
2350	69	69
2351	69	69
2352	69	69
2353	69	69
2354	69	69
2355	69	69
2356	69	69
2357	69	69
2358	69	69
2359	69	69
2360	69	69
2361	69	69
2362	69	69
2363	69	69
2364	69	69
2365	69	69
2366	69	69
2367	69	69
2368	69	69
2369	69	69
2370	69	69
2371	69	69
2372	69	69
2373	69	69
2374	69	69
2375	69	69
2376	69	69
2377	69	69
2378	69	69
2379	69	69
2380	69	69
2381	108	108
2382	69	69
2383	69	69
2384	69	69
2385	69	69
2386	69	69
2387	69	69
2388	69	69
2389	69	69
2390	69	69
2391	69	69
2392	69	69
2393	69	69
2394	69	69
2395	69	69
2396	69	69
2397	69	69
2398	69	69
2399	69	69
2400	69	69
2401	69	69
2402	69	69
2403	69	69
2404	69	69
2405	69	69
2406	69	69
2407	69	69
2408	69	69
2409	69	69
2410	69	69
2411	69	69
2412	69	69
2413	69	69
2414	69	69
2415	69	69
2416	69	69
2417	69	69
2418	69	69
2419	69	69
2420	69	69
2421	69	69
2422	69	69
2423	69	69
2424	69	69
2425	69	69
2426	69	69
2427	69	69
2428	69	69
2429	69	69
2430	69	69
2431	69	69
2432	69	69
2433	69	69
2434	69	69
2435	69	69
2436	109	109
2437	69	69
2438	69	69
2439	69	69
2440	69	69
2441	69	69
2442	69	69
2443	69	69
2444	69	69
2445	69	69
2446	69	69
2447	69	69
2448	69	69
2449	110	110
2450	69	69
2451	69	69
2452	69	69
2453	69	69
2454	69	69
2455	111	111
2456	69	69
2457	69	69
2458	69	69
2459	69	69
2460	112	112
2461	69	69
2462	69	69
2463	69	69
2464	69	69
2465	69	69
2466	69	69
2467	69	69
2468	69	69
2469	69	69
2470	69	69
2471	69	69
2472	69	69
2473	69	69
2474	69	69
2475	69	69
2476	69	69
2477	69	69
2478	69	69
2479	69	69
2480	69	69
2481	69	69
2482	69	69
2483	69	69
2484	69	69
2485	69	69
2486	69	69
2487	69	69
2488	69	69
2489	69	69
2490	69	69
2491	69	69
2492	69	69
2493	113	113
2494	69	69
2495	69	69
2496	69	69
2497	69	69
2498	69	69
2499	69	69
2500	69	69
2501	69	69
2502	69	69
2503	69	69
2504	69	69
2505	69	69
2506	69	69
2507	69	69
2508	114	114
2509	69	69
2510	69	69
2511	69	69
2512	69	69
2513	69	69
2514	69	69
2515	69	69
2516	69	69
2517	69	69
2518	69	69
2519	69	69
2520	69	69
2521	69	69
2522	69	69
2523	115	115
2524	69	69
2525	69	69
2526	69	69
2527	69	69
2528	69	69
2529	69	69
2530	69	69
2531	69	69
2532	69	69
2533	69	69
2534	69	69
2535	69	69
2536	69	69
2537	69	69
2538	69	69
2539	69	69
2540	69	69
2541	69	69
2542	69	69
2543	69	69
2544	69	69
2545	69	69
2546	69	69
2547	69	69
2548	69	69
2549	69	69
2550	69	69
2551	69	69
2552	69	69
2553	69	69
2554	69	69
2555	69	69
2556	69	69
2557	69	69
2558	69	69
2559	69	69
2560	69	69
2561	116	116
2562	69	69
2563	69	69
2564	69	69
2565	69	69
2566	69	69
2567	69	69
2568	69	69
2569	69	69
2570	69	69
2571	69	69
2572	69	69
2573	69	69
2574	69	69
2575	69	69
2576	69	69
2577	69	69
2578	69	69
2579	117	117
2580	69	69
2581	69	69
2582	69	69
2583	69	69
2584	118	118
2585	69	69
2586	69	69
2587	69	69
2588	69	69
2589	69	69
2590	69	69
2591	69	69
2592	69	69
2593	69	69
2594	69	69
2595	69	69
2596	69	69
2597	69	69
2598	69	69
2599	69	69
2600	69	69
2601	69	69
2602	69	69
2603	119	119
2604	69	69
2605	69	69
2606	120	120
2607	69	69
2608	69	69
2609	69	69
2610	69	69
2611	69	69
2612	69	69
2613	121	121
2614	69	69
2615	69	69
2616	69	69
2617	69	69
2618	69	69
2619	69	69
2620	69	69
2621	69	69
2622	69	69
2623	69	69
2624	69	69
2625	69	69
2626	69	69
2627	69	69
2628	69	69
2629	69	69
2630	69	69
2631	69	69
2632	69	69
2633	122	122
2634	69	69
2635	69	69
2636	69	69
2637	69	69
2638	123	123
2639	124	124
2640	125	125
2641	126	126
2642	69	69
2643	69	69
2644	69	69
2645	69	69
2646	69	69
2647	69	69
2648	127	127
2649	69	69
2650	69	69
2651	69	69
2652	69	69
2653	69	69
2654	69	69
2655	69	69
2656	128	128
2657	69	69
2658	69	69
2659	69	69
2660	69	69
2661	69	69
2662	69	69
2663	69	69
2664	69	69
2665	69	69
2666	69	69
2667	129	129
2668	69	69
2669	69	69
2670	69	69
2671	69	69
2672	130	130
2673	69	69
2674	69	69
2675	69	69
2676	69	69
2677	69	69
2678	69	69
2679	69	69
2680	131	131
2681	69	69
2682	69	69
2683	69	69
2684	69	69
2685	69	69
2686	69	69
2687	69	69
2688	69	69
2689	69	69
2690	69	69
2691	69	69
2692	69	69
2693	69	69
2694	69	69
2695	69	69
2696	69	69
2697	69	69
2698	69	69
2699	69	69
2700	69	69
2701	69	69
2702	69	69
2703	69	69
2704	69	69
2705	69	69
2706	69	69
2707	69	69
2708	69	69
2709	69	69
2710	69	69
2711	69	69
2712	69	69
2713	69	69
2714	69	69
2715	132	132
2716	69	69
2717	69	69
2718	69	69
2719	69	69
2720	69	69
2721	69	69
2722	69	69
2723	69	69
2724	69	69
2725	69	69
2726	69	69
2727	69	69
2728	69	69
2729	69	69
2730	69	69
2731	69	69
2732	69	69
2733	69	69
2734	69	69
2735	69	69
2736	69	69
2737	69	69
2738	69	69
2739	69	69
2740	69	69
2741	69	69
2742	69	69
2743	133	133
2744	69	69
2745	69	69
2746	69	69
2747	69	69
2748	69	69
2749	69	69
2750	69	69
2751	69	69
2752	69	69
2753	69	69
2754	69	69
2755	69	69
2756	69	69
2757	69	69
2758	69	69
2759	69	69
2760	69	69
2761	69	69
2762	69	69
2763	69	69
2764	69	69
2765	69	69
2766	69	69
2767	69	69
2768	69	69
2769	69	69
2770	69	69
2771	69	69
2772	69	69
2773	69	69
2774	69	69
2775	69	69
2776	69	69
2777	134	134
2778	69	69
2779	69	69
2780	69	69
2781	69	69
2782	135	135
2783	69	69
2784	69	69
2785	69	69
2786	69	69
2787	69	69
2788	69	69
2789	69	69
2790	136	136
2791	69	69
2792	69	69
2793	69	69
2794	69	69
2795	69	69
2796	69	69
2797	69	69
2798	69	69
2799	69	69
2800	69	69
2801	69	69
2802	69	69
2803	69	69
2804	69	69
2805	69	69
2806	69	69
2807	69	69
2808	137	137
2809	69	69
2810	69	69
2811	69	69
2812	69	69
2813	69	69
2814	69	69
2815	69	69
2816	69	69
2817	69	69
2818	69	69
2819	69	69
2820	138	138
2821	69	69
2822	69	69
2823	69	69
2824	69	69
2825	69	69
2826	69	69
2827	69	69
2828	69	69
2829	69	69
2830	69	69
2831	69	69
2832	69	69
2833	69	69
2834	69	69
2835	69	69
2836	69	69
2837	69	69
2838	69	69
2839	69	69
2840	69	69
2841	69	69
2842	69	69
2843	69	69
2844	69	69
2845	69	69
2846	69	69
2847	69	69
2848	69	69
2849	69	69
2850	69	69
2851	69	69
2852	69	69
2853	69	69
2854	69	69
2855	69	69
2856	69	69
2857	69	69
2858	69	69
2859	69	69
2860	69	69
2861	69	69
2862	69	69
2863	69	69
2864	69	69
2865	69	69
2866	69	69
2867	69	69
2868	69	69
2869	69	69
2870	69	69
2871	69	69
2872	69	69
2873	69	69
2874	69	69
2875	69	69
2876	69	69
2877	69	69
2878	69	69
2879	69	69
