17.0621 0.0190
80.0537 0.0210
345.3195 0.0150
134.5666 0.0210
16.8419 0.0140
102.5579 0.0250
62.4455 0.0270
17.8081 0.0290
37.2215 0.0170
92.8594 0.0290
140.1845 0.0170
55.1390 0.0250
105.1897 0.0230
141.5499 0.0240
47.7264 0.0250
60.5338 0.0270
9.2042 0.0350
137.2564 0.0190
88.4217 0.0200
275.6380 0.0180
0.0000 1.0000
262.2963 0.0150
211.3887 0.0150
322.4957 0.0140
213.2400 0.0210
68.7977 0.0230
101.3839 0.0190
5.1874 0.0200
132.0881 0.0250
54.4713 0.0170
85.3158 0.0220
70.7390 0.0170
22.6992 0.0150
29.0021 0.0210
0.0000 1.0000
0.0000 1.0000
302.2502 0.0170
90.7658 0.0210
19.7418 0.0240
237.8731 0.0170
104.4173 0.0230
157.7396 0.0220
27.9204 0.0110
25.1408 0.0180
52.1895 0.0260
182.9428 0.0240
262.7726 0.0150
84.7914 0.0220
141.9762 0.0190
423.2715 0.0150
61.4602 0.0200
22.3474 0.0170
120.5486 0.0230
255.7265 0.0150
126.2535 0.0180
79.1081 0.0210
186.1641 0.0190
24.9777 0.0120
17.9331 0.0230
205.3359 0.0230
125.3403 0.0180
42.1908 0.0260
121.2105 0.0210
23.1610 0.0280
69.2593 0.0190
68.1008 0.0170
50.6558 0.0180
45.3649 0.0170
30.0134 0.0290
270.1515 0.0170
83.8399 0.0190
261.8081 0.0200
38.7335 0.0200
0.0000 1.0000
175.9886 0.0170
123.1280 0.0250
44.8603 0.0230
17.8232 0.0270
68.6958 0.0220
252.9876 0.0180
110.3819 0.0160
128.9427 0.0170
95.9914 0.0190
19.8561 0.0160
106.8179 0.0190
19.3944 0.0080
239.1832 0.0170
0.0000 1.0000
20.5319 0.0290
69.9066 0.0190
242.1557 0.0150
142.0626 0.0230
167.7776 0.0220
63.3263 0.0260
194.9276 0.0200
168.4235 0.0210
16.3700 0.0170
4.3428 0.0250
23.9734 0.0320
0.0000 1.0000
16.1886 0.0310
9.4363 0.0270
169.5794 0.0190
105.9958 0.0210
56.9857 0.0260
22.9079 0.0250
42.6527 0.0270
247.1112 0.0140
271.3677 0.0190
18.4306 0.0320
86.4700 0.0260
6.6331 0.0060
0.0000 1.0000
353.9563 0.0160
114.6858 0.0210
75.7472 0.0230
25.8740 0.0220
12.6642 0.0140
167.7269 0.0190
19.0361 0.0240
16.8580 0.0250
25.3313 0.0220
9.5810 0.0290
14.5646 0.0110
13.3371 0.0210
365.0191 0.0140
16.6936 0.0150
20.9956 0.0200
31.7247 0.0220
31.6204 0.0270
7.0694 0.0250
6.5990 0.0240
206.9407 0.0200
148.4018 0.0220
38.5057 0.0210
30.0013 0.0190
23.7052 0.0240
116.6975 0.0200
10.9471 0.0230
95.0232 0.0200
243.2640 0.0180
57.7442 0.0210
312.9542 0.0170
105.0198 0.0210
29.9894 0.0220
115.0690 0.0250
14.1819 0.0180
44.8324 0.0170
426.8859 0.0130
47.4914 0.0220
60.5452 0.0260
88.1394 0.0150
132.5758 0.0240
394.2853 0.0160
112.0818 0.0120
44.5037 0.0190
385.1139 0.0160
1.6459 0.0250
81.8044 0.0290
123.5200 0.0220
204.3895 0.0200
16.5987 0.0190
147.4790 0.0220
321.6450 0.0150
326.9218 0.0150
12.6179 0.0080
0.0000 1.0000
46.3716 0.0210
137.2912 0.0160
31.1516 0.0150
106.5385 0.0250
164.0182 0.0210
89.1281 0.0170
33.3060 0.0270
130.5955 0.0210
13.0241 0.0130
179.6272 0.0240
29.3469 0.0270
45.9564 0.0230
56.7457 0.0290
11.2731 0.0120
192.7140 0.0200
142.2792 0.0240
59.1531 0.0270
31.6179 0.0310
221.2997 0.0150
271.7250 0.0170
234.2958 0.0190
151.5373 0.0190
188.7366 0.0190
97.3872 0.0230
450.7826 0.0150
37.4826 0.0080
362.3844 0.0140
118.5438 0.0210
252.8591 0.0170
15.7986 0.0230
31.8093 0.0240
19.0354 0.0280
27.7184 0.0200
92.7872 0.0140
248.6455 0.0140
101.4520 0.0230
60.1444 0.0240
28.8295 0.0140
44.2543 0.0200
24.0719 0.0310
75.1372 0.0260
150.9512 0.0190
7.6455 0.0300
26.0862 0.0310
17.0988 0.0140
222.9344 0.0200
193.5311 0.0220
77.0336 0.0230
97.5673 0.0260
18.7320 0.0070
23.1688 0.0270
354.1610 0.0200
119.7968 0.0240
305.5550 0.0150
259.1035 0.0150
185.8774 0.0180
16.7380 0.0110
12.5624 0.0050
16.5706 0.0070
5.8122 0.0340
12.9243 0.0100
213.5446 0.0190
214.3908 0.0170
51.6175 0.0220
20.1392 0.0200
25.4382 0.0090
0.0000 1.0000
12.9495 0.0260
58.9075 0.0270
41.2215 0.0230
31.4962 0.0190
228.0856 0.0170
205.3846 0.0140
282.6005 0.0160
136.8277 0.0210
15.3542 0.0180
48.4446 0.0270
137.8125 0.0220
39.1316 0.0220
239.6153 0.0220
51.1379 0.0230
5.8180 0.0050
20.1426 0.0240
0.0000 1.0000
18.2017 0.0250
56.8606 0.0260
42.8259 0.0240
26.7505 0.0110
251.6544 0.0190
22.7541 0.0130
5.5757 0.0340
314.1890 0.0180
53.1880 0.0260
244.8159 0.0170
52.2110 0.0270
83.5122 0.0220
233.7130 0.0150
130.5576 0.0240
147.7626 0.0170
25.1873 0.0230
73.2286 0.0240
231.3187 0.0210
18.7367 0.0330
22.1449 0.0290
53.2991 0.0210
41.0997 0.0200
17.8190 0.0240
36.4800 0.0230
13.0104 0.0100
0.0000 1.0000
148.2047 0.0220
355.9776 0.0130
0.0000 1.0000
118.1785 0.0250
145.9268 0.0210
241.2514 0.0150
162.3282 0.0180
109.0168 0.0260
96.5958 0.0130
40.3193 0.0180
244.7521 0.0160
28.2684 0.0290
34.1226 0.0310
127.5883 0.0130
269.4734 0.0200
220.5764 0.0160
323.9561 0.0160
112.1302 0.0240
30.4425 0.0120
18.4251 0.0170
356.6295 0.0170
20.4847 0.0120
18.5420 0.0160
25.6938 0.0190
27.2205 0.0220
258.4647 0.0180
32.0744 0.0190
262.3020 0.0140
228.8912 0.0170
197.6816 0.0190
15.9179 0.0280
13.0627 0.0150
16.3378 0.0200
145.7912 0.0210
45.0528 0.0260
72.8350 0.0270
287.1796 0.0160
0.0000 1.0000
293.0957 0.0190
29.0065 0.0270
243.7493 0.0140
23.4181 0.0140
0.0000 1.0000
0.0000 1.0000
53.5597 0.0240
98.2541 0.0240
137.8278 0.0200
177.4220 0.0210
39.2129 0.0170
271.9891 0.0190
47.9308 0.0270
33.4574 0.0080
393.7639 0.0140
10.6432 0.0070
323.4147 0.0160
140.9375 0.0210
81.0823 0.0260
352.3080 0.0160
7.7295 0.0150
146.4041 0.0160
37.4744 0.0210
170.8621 0.0170
10.4853 0.0310
16.0455 0.0120
24.3422 0.0090
24.6691 0.0170
219.5789 0.0180
67.4132 0.0290
145.4149 0.0260
106.5988 0.0220
260.9223 0.0160
114.3631 0.0220
162.6101 0.0140
216.8899 0.0160
30.9856 0.0210
227.8856 0.0120
103.4942 0.0170
34.7309 0.0290
163.1514 0.0200
37.6800 0.0200
377.9595 0.0150
65.7539 0.0220
14.3232 0.0200
355.6766 0.0140
143.7415 0.0250
7.7891 0.0270
88.8576 0.0220
61.8677 0.0180
114.0189 0.0180
75.6617 0.0220
3.9977 0.0270
16.9929 0.0110
171.4246 0.0170
42.5442 0.0200
37.4130 0.0210
18.0562 0.0070
47.3848 0.0260
86.0921 0.0290
61.6834 0.0290
17.5670 0.0090
91.1735 0.0260
168.0311 0.0200
146.1228 0.0180
31.7174 0.0220
76.3410 0.0200
332.7384 0.0170
49.9541 0.0230
28.6404 0.0180
7.0433 0.0230
243.6155 0.0190
50.5076 0.0190
430.2747 0.0160
53.1636 0.0240
129.7761 0.0220
76.9854 0.0270
220.2205 0.0170
35.1659 0.0150
23.2823 0.0140
93.9046 0.0230
25.3132 0.0080
12.3933 0.0190
240.7264 0.0190
353.9035 0.0140
115.0046 0.0220
436.9008 0.0150
20.6440 0.0200
29.9019 0.0240
68.3937 0.0220
189.2903 0.0200
209.1070 0.0190
232.2555 0.0200
39.8323 0.0250
377.1397 0.0150
48.2436 0.0210
184.2519 0.0190
389.4299 0.0150
138.8349 0.0170
37.1420 0.0260
74.4833 0.0210
273.9365 0.0170
89.9119 0.0220
277.9771 0.0190
262.7376 0.0150
492.0934 0.0160
159.7083 0.0210
47.7701 0.0230
20.1600 0.0320
299.0889 0.0190
26.2665 0.0090
42.5251 0.0190
89.9585 0.0230
418.6325 0.0170
364.0185 0.0160
318.1679 0.0170
83.5802 0.0270
0.0000 1.0000
357.3558 0.0150
266.6240 0.0170
40.5143 0.0250
168.0306 0.0170
16.4592 0.0100
20.5253 0.0180
113.9029 0.0220
192.6992 0.0200
166.4937 0.0220
321.2910 0.0150
24.6818 0.0130
44.1718 0.0240
236.1317 0.0180
28.2961 0.0240
97.3467 0.0250
244.1855 0.0170
98.4342 0.0220
18.6114 0.0190
23.1680 0.0270
126.0934 0.0220
89.8794 0.0190
160.0859 0.0230
348.9240 0.0170
192.6075 0.0210
342.1710 0.0150
264.6953 0.0170
42.1452 0.0210
257.3717 0.0180
158.3174 0.0240
106.2100 0.0200
41.5697 0.0250
42.0852 0.0220
9.3778 0.0150
166.9400 0.0220
337.5526 0.0180
33.8552 0.0210
31.8102 0.0170
176.6719 0.0140
24.6806 0.0260
0.1271 0.0480
142.7184 0.0210
17.0883 0.0040
360.7508 0.0170
301.0291 0.0150
298.4047 0.0140
157.4484 0.0180
41.1575 0.0130
87.8905 0.0180
90.2239 0.0240
170.2873 0.0210
15.2723 0.0200
178.2461 0.0180
291.8498 0.0180
27.6079 0.0290
135.2288 0.0190
259.8868 0.0180
244.1556 0.0210
24.8966 0.0260
11.7731 0.0180
77.5749 0.0110
19.6228 0.0200
65.7491 0.0250
52.4177 0.0210
45.0128 0.0250
24.3650 0.0160
165.6367 0.0200
29.5997 0.0180
264.5368 0.0190
69.8979 0.0200
32.2344 0.0140
196.7721 0.0220
179.5929 0.0190
83.4151 0.0220
21.2474 0.0190
124.8337 0.0180
108.6079 0.0200
62.4214 0.0200
230.1002 0.0180
43.9587 0.0160
24.2423 0.0220
18.7927 0.0100
188.0781 0.0210
0.0000 1.0000
122.5967 0.0220
23.7287 0.0130
17.9923 0.0210
25.1602 0.0220
99.6480 0.0230
33.1434 0.0170
42.0666 0.0230
77.3049 0.0250
19.0236 0.0290
62.4961 0.0220
12.9406 0.0200
194.2042 0.0210
177.1888 0.0200
52.4212 0.0240
220.2594 0.0130
56.2722 0.0210
10.9146 0.0190
132.3930 0.0230
18.5767 0.0210
122.6105 0.0240
154.5062 0.0190
0.0000 1.0000
49.8181 0.0260
17.7447 0.0080
27.9944 0.0290
276.7941 0.0200
124.7375 0.0220
140.1606 0.0220
73.4388 0.0210
136.3976 0.0220
163.8347 0.0210
98.7612 0.0260
213.5963 0.0150
15.0991 0.0130
324.7903 0.0180
15.8795 0.0140
65.1410 0.0240
159.6512 0.0220
17.2447 0.0140
37.7762 0.0280
13.0215 0.0320
89.8007 0.0210
396.8142 0.0160
339.1293 0.0180
24.6958 0.0150
139.4504 0.0190
366.3510 0.0140
0.0000 1.0000
170.2738 0.0220
8.0533 0.0260
25.6876 0.0200
110.8071 0.0150
79.7160 0.0250
389.2096 0.0180
70.4192 0.0240
443.2225 0.0140
148.2909 0.0180
9.3364 0.0180
17.2532 0.0230
239.1014 0.0170
257.1912 0.0170
146.7301 0.0200
15.0730 0.0220
252.0472 0.0150
10.3740 0.0220
141.2896 0.0240
253.2479 0.0180
191.1709 0.0180
318.0272 0.0140
466.7730 0.0140
21.4358 0.0240
193.3308 0.0200
32.6456 0.0160
118.9371 0.0210
98.0090 0.0220
0.0000 1.0000
352.9340 0.0150
306.1876 0.0140
226.8288 0.0140
308.9565 0.0150
108.7752 0.0180
182.1095 0.0220
59.7087 0.0220
80.9982 0.0220
247.0525 0.0180
148.7425 0.0230
318.9349 0.0140
292.8119 0.0160
4.7964 0.0330
66.1479 0.0210
73.6545 0.0280
241.9685 0.0160
316.4037 0.0180
21.1298 0.0160
224.2150 0.0170
297.8787 0.0170
28.9773 0.0100
34.7167 0.0170
116.9694 0.0230
253.7019 0.0200
91.9763 0.0200
235.5564 0.0180
84.4163 0.0250
62.5268 0.0240
80.8973 0.0180
298.5661 0.0180
344.5243 0.0160
38.5151 0.0210
173.8254 0.0160
38.2109 0.0270
20.5833 0.0190
132.5289 0.0190
33.8861 0.0270
0.0000 1.0000
211.6732 0.0160
32.7202 0.0260
62.4729 0.0230
40.8777 0.0250
7.9873 0.0330
76.5293 0.0240
51.3423 0.0310
22.5040 0.0260
60.5214 0.0220
32.9979 0.0110
81.5208 0.0270
170.0504 0.0220
66.0763 0.0270
181.9364 0.0160
75.7520 0.0140
9.6750 0.0280
117.1188 0.0200
96.3119 0.0270
17.7045 0.0140
142.4959 0.0220
259.3882 0.0180
26.3634 0.0280
194.8533 0.0200
232.0064 0.0210
37.7758 0.0210
17.5252 0.0180
13.0092 0.0150
165.6214 0.0220
0.0000 1.0000
29.7348 0.0220
19.2562 0.0120
0.0000 1.0000
49.6794 0.0170
110.2766 0.0210
143.1947 0.0280
338.2435 0.0160
91.7757 0.0230
21.5796 0.0160
17.5788 0.0090
21.4961 0.0180
30.7073 0.0220
207.6015 0.0170
165.7333 0.0210
336.6918 0.0180
110.7746 0.0210
239.8154 0.0140
198.1355 0.0210
86.3515 0.0220
19.7048 0.0280
25.2568 0.0190
26.7798 0.0200
20.1813 0.0210
46.9758 0.0220
154.7387 0.0230
22.7014 0.0090
337.5231 0.0150
39.5645 0.0160
95.8981 0.0270
51.4588 0.0270
34.1002 0.0310
65.4153 0.0250
42.4717 0.0220
155.4392 0.0220
42.5845 0.0150
58.0570 0.0240
62.2534 0.0230
166.8890 0.0200
45.1747 0.0290
22.2480 0.0270
38.6763 0.0230
20.7786 0.0170
58.5922 0.0170
22.2956 0.0270
55.8102 0.0260
48.3209 0.0270
5.1091 0.0350
17.5034 0.0200
27.2190 0.0150
145.1794 0.0190
18.0361 0.0130
173.7237 0.0230
161.5338 0.0120
29.6150 0.0240
0.0000 1.0000
34.3201 0.0230
121.3800 0.0250
93.7912 0.0240
139.9686 0.0180
84.5883 0.0170
40.6111 0.0260
205.2168 0.0200
161.7787 0.0170
10.1489 0.0170
35.0969 0.0300
22.7585 0.0310
36.0911 0.0230
6.5681 0.0230
147.8334 0.0160
0.0000 1.0000
16.8338 0.0250
22.3716 0.0190
327.1714 0.0160
297.8443 0.0180
133.9863 0.0200
39.3862 0.0230
278.4282 0.0160
51.4824 0.0220
114.8194 0.0170
8.1390 0.0200
34.7781 0.0250
247.9905 0.0200
38.1220 0.0180
44.8585 0.0270
32.8344 0.0220
88.9943 0.0200
187.2772 0.0210
315.9466 0.0180
28.6313 0.0290
18.9412 0.0180
187.0834 0.0180
92.1506 0.0260
111.8869 0.0180
117.4097 0.0210
13.6193 0.0290
236.4557 0.0180
93.9490 0.0270
222.5814 0.0160
16.3880 0.0320
0.0000 1.0000
185.4536 0.0190
25.3955 0.0210
94.7628 0.0250
136.1246 0.0190
135.2590 0.0210
212.7375 0.0170
33.1958 0.0230
142.5079 0.0210
167.8114 0.0250
118.4156 0.0200
66.0159 0.0260
98.3762 0.0240
198.6175 0.0200
93.4413 0.0230
41.0861 0.0260
90.3433 0.0210
95.8949 0.0160
140.6754 0.0240
145.0611 0.0140
20.8403 0.0200
113.6603 0.0220
109.3223 0.0230
247.0215 0.0170
41.9576 0.0250
51.2860 0.0250
110.1842 0.0230
88.2382 0.0280
119.3628 0.0170
91.7785 0.0260
89.4463 0.0270
150.2305 0.0140
133.6797 0.0170
76.8758 0.0210
50.8850 0.0130
195.1217 0.0220
35.2994 0.0180
94.1305 0.0200
227.2207 0.0210
51.4529 0.0260
88.5071 0.0260
105.4563 0.0210
104.5702 0.0250
32.8340 0.0150
134.7858 0.0190
23.6070 0.0240
71.9034 0.0270
37.5717 0.0220
11.8674 0.0270
114.0064 0.0240
25.7152 0.0250
103.6052 0.0260
140.5640 0.0210
75.0024 0.0290
47.1531 0.0250
249.9343 0.0150
216.3644 0.0170
54.9752 0.0210
67.0841 0.0280
0.0000 1.0000
0.0000 1.0000
138.8109 0.0210
137.7785 0.0150
32.6054 0.0200
31.2087 0.0190
49.5863 0.0270
34.9064 0.0260
219.7539 0.0200
124.9039 0.0180
0.0000 1.0000
70.8779 0.0220
7.7220 0.0150
116.0011 0.0190
17.5768 0.0090
0.0000 1.0000
124.7354 0.0210
2.0667 0.0340
218.3114 0.0190
12.9722 0.0250
11.1731 0.0190
272.2975 0.0190
170.3325 0.0220
0.0000 1.0000
34.3351 0.0270
70.1332 0.0180
10.7619 0.0310
57.0960 0.0210
174.7482 0.0160
88.8332 0.0180
23.5533 0.0180
154.0153 0.0190
26.1844 0.0240
233.3877 0.0180
15.9268 0.0170
101.9318 0.0180
139.1364 0.0230
38.1657 0.0280
296.8430 0.0120
46.0659 0.0270
32.8979 0.0240
48.8565 0.0220
99.7474 0.0220
121.5555 0.0250
19.8951 0.0170
14.0122 0.0050
0.0000 1.0000
123.9886 0.0200
55.5708 0.0180
33.8218 0.0070
55.8488 0.0250
373.5176 0.0150
0.0000 1.0000
111.1636 0.0200
50.6341 0.0280
46.6258 0.0240
143.2891 0.0230
24.5151 0.0130
18.4640 0.0130
32.5634 0.0260
173.6165 0.0200
175.8881 0.0210
155.4396 0.0170
185.9820 0.0190
111.4572 0.0170
227.4068 0.0150
193.0831 0.0210
71.6588 0.0230
52.4684 0.0220
107.6843 0.0200
241.2651 0.0190
149.9589 0.0200
34.6100 0.0220
31.3106 0.0190
104.8003 0.0200
80.7759 0.0250
104.1826 0.0210
113.4963 0.0220
254.6929 0.0180
91.8704 0.0220
40.4656 0.0290
26.9375 0.0240
27.7188 0.0110
198.0975 0.0180
173.1273 0.0160
238.4671 0.0120
23.6250 0.0210
77.2429 0.0240
10.3477 0.0320
20.4273 0.0190
26.3975 0.0310
30.4425 0.0210
59.0595 0.0230
365.8745 0.0130
25.6953 0.0210
221.6586 0.0180
169.8850 0.0210
18.5014 0.0210
71.4264 0.0280
129.4315 0.0200
11.1474 0.0180
65.1503 0.0250
29.7098 0.0210
26.0163 0.0190
148.4022 0.0190
11.5763 0.0130
124.3256 0.0210
18.7428 0.0180
137.0135 0.0260
35.9954 0.0200
271.0454 0.0150
51.1576 0.0250
24.3089 0.0330
112.2807 0.0200
88.7180 0.0120
197.4097 0.0200
387.8715 0.0170
110.6908 0.0220
57.2230 0.0260
8.4058 0.0140
81.4418 0.0270
18.4771 0.0320
84.5436 0.0230
341.6264 0.0180
76.2316 0.0210
60.9277 0.0200
24.9328 0.0120
119.2829 0.0210
7.2423 0.0120
47.1018 0.0170
215.3101 0.0230
97.3457 0.0140
83.5082 0.0170
82.4990 0.0190
56.0930 0.0230
161.5742 0.0200
149.8076 0.0180
119.6350 0.0230
328.2268 0.0140
5.1057 0.0180
98.8705 0.0230
398.6973 0.0150
142.5883 0.0210
41.0396 0.0260
107.7769 0.0210
0.0000 1.0000
75.3538 0.0160
197.0438 0.0170
135.4382 0.0210
12.4493 0.0200
129.8030 0.0230
44.4186 0.0280
184.1621 0.0220
322.1345 0.0160
223.5689 0.0160
30.2989 0.0200
96.4888 0.0210
145.6767 0.0210
64.6573 0.0220
9.3007 0.0140
39.5163 0.0250
15.8779 0.0250
73.4174 0.0170
124.2377 0.0250
38.7839 0.0230
34.5761 0.0250
174.9557 0.0180
8.3045 0.0250
247.8783 0.0190
22.9682 0.0190
136.1301 0.0160
28.2715 0.0180
271.0939 0.0140
112.7310 0.0180
30.2564 0.0170
137.0114 0.0240
212.9826 0.0200
88.1822 0.0280
0.0000 1.0000
87.1832 0.0230
198.0712 0.0180
275.6940 0.0220
139.2731 0.0180
15.6894 0.0110
26.3559 0.0160
280.3361 0.0170
48.7062 0.0270
112.3106 0.0240
75.9886 0.0240
127.1450 0.0180
199.1481 0.0200
212.0240 0.0150
218.7312 0.0230
36.8152 0.0150
0.0000 1.0000
30.8441 0.0210
280.0685 0.0220
5.2726 0.0320
78.8852 0.0280
174.7411 0.0160
48.4538 0.0310
96.1604 0.0180
88.0836 0.0180
28.5479 0.0190
141.2529 0.0230
187.1903 0.0160
232.3329 0.0200
0.0000 1.0000
66.2367 0.0270
26.8320 0.0200
85.2885 0.0260
17.1369 0.0160
29.3147 0.0320
223.0074 0.0200
30.6580 0.0200
23.9481 0.0170
286.7693 0.0180
9.4639 0.0250
32.9354 0.0210
0.0000 1.0000
206.4871 0.0200
254.5417 0.0190
168.5814 0.0170
104.0452 0.0190
30.2965 0.0280
39.9342 0.0240
150.0789 0.0210
35.6550 0.0280
35.0814 0.0200
68.9471 0.0270
255.0784 0.0150
71.7561 0.0250
5.7376 0.0090
123.0378 0.0230
31.5520 0.0230
41.3859 0.0220
27.4682 0.0260
3.9183 0.0260
25.2077 0.0270
96.6541 0.0210
0.0000 1.0000
7.4711 0.0190
220.8853 0.0190
37.0636 0.0190
325.4360 0.0130
7.2925 0.0160
6.6343 0.0370
10.6945 0.0160
15.6985 0.0240
44.2212 0.0230
15.7903 0.0210
120.5555 0.0210
206.0447 0.0190
216.2482 0.0210
63.5077 0.0220
103.6611 0.0230
89.7989 0.0250
8.1872 0.0250
14.9365 0.0150
16.2740 0.0130
15.7558 0.0230
166.4132 0.0180
106.2772 0.0240
21.8094 0.0150
27.0049 0.0320
103.5031 0.0250
0.0000 1.0000
202.9820 0.0150
28.0757 0.0260
10.9836 0.0080
15.8067 0.0280
127.0503 0.0180
220.1191 0.0150
42.5798 0.0240
206.0449 0.0170
105.3427 0.0250
268.0060 0.0170
119.8354 0.0220
272.9411 0.0180
22.0149 0.0280
356.1480 0.0190
143.9695 0.0200
47.1006 0.0270
171.4490 0.0180
217.0840 0.0220
66.5937 0.0260
157.3639 0.0170
19.7250 0.0120
0.0000 1.0000
38.3347 0.0210
113.1727 0.0220
236.9835 0.0180
277.6156 0.0150
190.7950 0.0240
36.3781 0.0220
28.9557 0.0250
69.1189 0.0150
26.6857 0.0230
42.7769 0.0140
41.3291 0.0260
68.8078 0.0260
108.8761 0.0210
66.7202 0.0290
20.6179 0.0140
298.3488 0.0190
46.6827 0.0170
35.8606 0.0210
26.3782 0.0250
226.0690 0.0190
37.9369 0.0210
25.0402 0.0240
36.9428 0.0200
92.2836 0.0230
192.0931 0.0180
172.1416 0.0180
211.6944 0.0180
38.8148 0.0170
17.2435 0.0170
41.5994 0.0270
16.0677 0.0190
161.7492 0.0180
47.3896 0.0220
0.0000 1.0000
104.6381 0.0220
29.9774 0.0320
12.8883 0.0090
21.9248 0.0310
364.9217 0.0120
54.4032 0.0260
152.8798 0.0200
101.8923 0.0240
14.7857 0.0100
56.8539 0.0230
9.5574 0.0130
44.0961 0.0210
20.9844 0.0180
0.0000 1.0000
114.5097 0.0180
26.9051 0.0150
124.3835 0.0210
134.2861 0.0180
220.3887 0.0210
75.1377 0.0200
0.0000 1.0000
62.1379 0.0190
77.7450 0.0290
183.8448 0.0220
10.3419 0.0140
5.5512 0.0150
243.5844 0.0190
28.2566 0.0260
70.6091 0.0240
85.5050 0.0250
12.3225 0.0110
223.7820 0.0220
94.6873 0.0210
16.3984 0.0210
11.0602 0.0210
0.0000 1.0000
26.1558 0.0180
101.4882 0.0240
14.4862 0.0270
182.8397 0.0200
152.6575 0.0230
33.6793 0.0280
200.1910 0.0180
137.6925 0.0200
10.6607 0.0180
36.0723 0.0130
0.0000 1.0000
17.3687 0.0080
67.0233 0.0220
76.3750 0.0250
213.1122 0.0150
54.0218 0.0200
36.8602 0.0220
0.0000 1.0000
33.3258 0.0290
7.4873 0.0180
273.9866 0.0200
76.0262 0.0190
61.0966 0.0200
0.0000 1.0000
242.8208 0.0180
240.5982 0.0180
11.2288 0.0160
109.0275 0.0200
312.8740 0.0160
0.0000 1.0000
100.9154 0.0220
56.4282 0.0230
261.9236 0.0160
232.4807 0.0170
117.8037 0.0220
109.9850 0.0150
121.3444 0.0150
58.4406 0.0190
15.4372 0.0270
41.9221 0.0210
217.6329 0.0190
176.3573 0.0160
13.1027 0.0170
206.9286 0.0160
253.4850 0.0210
70.8791 0.0280
30.7389 0.0220
25.0338 0.0330
169.0528 0.0130
122.7862 0.0210
106.1985 0.0230
391.8578 0.0130
38.4679 0.0270
94.3723 0.0260
76.3993 0.0160
67.2396 0.0170
40.9786 0.0270
116.6870 0.0230
66.6084 0.0290
23.8111 0.0060
49.3926 0.0220
107.4744 0.0230
98.8586 0.0220
31.1099 0.0170
192.0151 0.0240
26.1199 0.0060
81.2838 0.0180
183.0515 0.0210
204.2292 0.0180
96.9819 0.0260
21.3157 0.0280
151.9645 0.0210
18.5695 0.0110
16.8156 0.0280
81.5989 0.0240
89.7503 0.0250
59.8367 0.0240
71.2444 0.0240
284.8601 0.0180
201.5423 0.0210
124.1863 0.0200
28.8260 0.0270
85.4248 0.0240
47.0951 0.0260
180.7326 0.0200
0.0000 1.0000
175.5697 0.0230
40.6216 0.0210
26.1264 0.0160
12.7120 0.0080
0.0000 1.0000
0.0000 1.0000
30.1303 0.0230
130.8645 0.0210
295.8263 0.0120
28.2294 0.0240
173.3860 0.0220
24.2895 0.0170
9.1938 0.0170
0.0000 1.0000
161.3044 0.0220
11.9949 0.0160
30.3838 0.0280
68.6789 0.0250
280.8193 0.0160
7.0711 0.0280
12.3022 0.0170
237.7389 0.0180
194.3380 0.0230
0.0000 1.0000
93.5626 0.0210
0.0000 1.0000
11.9653 0.0100
18.5261 0.0210
120.4293 0.0250
132.1380 0.0190
112.8676 0.0210
0.0000 1.0000
353.8664 0.0150
231.0949 0.0190
56.1908 0.0230
442.1288 0.0160
308.2120 0.0150
28.1270 0.0240
60.3488 0.0170
208.1648 0.0190
99.4138 0.0210
9.8024 0.0180
68.3326 0.0240
80.8714 0.0230
21.7695 0.0340
53.2192 0.0260
23.5680 0.0200
236.6577 0.0200
30.0761 0.0130
29.2097 0.0250
99.1242 0.0270
26.8346 0.0290
319.8863 0.0140
95.0367 0.0210
29.6116 0.0180
43.6670 0.0210
372.8501 0.0140
83.3084 0.0290
247.7288 0.0160
11.7731 0.0240
12.4015 0.0230
168.5806 0.0230
72.9030 0.0190
43.0674 0.0130
234.3158 0.0180
49.8694 0.0140
29.8342 0.0040
23.4601 0.0320
116.4344 0.0200
162.6722 0.0160
35.3772 0.0190
0.0000 1.0000
46.9851 0.0220
72.5054 0.0240
23.0908 0.0230
59.6651 0.0200
166.2448 0.0190
249.7616 0.0180
129.1993 0.0190
276.2921 0.0190
56.3625 0.0230
16.7233 0.0200
41.4076 0.0160
100.6526 0.0220
76.5738 0.0230
26.8103 0.0180
199.5126 0.0180
177.1296 0.0220
54.1541 0.0240
31.6976 0.0270
78.8553 0.0230
13.2868 0.0250
45.2956 0.0250
20.0072 0.0160
0.0000 1.0000
86.2207 0.0210
81.9390 0.0200
167.8191 0.0180
199.9177 0.0180
54.8912 0.0230
42.2565 0.0200
192.2357 0.0150
45.7426 0.0270
10.2199 0.0300
51.9281 0.0250
23.8679 0.0270
98.5279 0.0200
9.3597 0.0280
348.9401 0.0170
82.5330 0.0180
195.4919 0.0200
68.8729 0.0280
163.2565 0.0240
2.0633 0.0320
130.1860 0.0180
250.7605 0.0180
386.9529 0.0160
23.6996 0.0250
198.2868 0.0200
29.2457 0.0310
26.3535 0.0300
84.7482 0.0220
0.0000 1.0000
29.0566 0.0210
11.3983 0.0100
182.6638 0.0190
24.2656 0.0270
15.1334 0.0170
29.3623 0.0210
19.7662 0.0230
85.2584 0.0180
22.7982 0.0140
27.8069 0.0200
73.0349 0.0270
121.3937 0.0190
133.5582 0.0250
0.0000 1.0000
44.5861 0.0290
275.5523 0.0170
319.9023 0.0170
11.6676 0.0200
92.6592 0.0210
91.0476 0.0230
20.9859 0.0310
0.0000 1.0000
0.0000 1.0000
121.4757 0.0230
0.0000 1.0000
180.5396 0.0180
33.4638 0.0230
217.4883 0.0210
42.3166 0.0160
177.9254 0.0230
36.6960 0.0160
404.0340 0.0150
10.8683 0.0330
176.6849 0.0150
202.8447 0.0190
127.7455 0.0240
20.0286 0.0120
102.8933 0.0210
62.2710 0.0260
176.1057 0.0200
51.1016 0.0300
80.7002 0.0200
0.0000 1.0000
146.6676 0.0200
81.9396 0.0210
71.0727 0.0230
138.2123 0.0260
58.1814 0.0170
184.7859 0.0230
96.9780 0.0250
21.9058 0.0240
86.2584 0.0270
94.4636 0.0230
35.2147 0.0250
63.1431 0.0270
40.7676 0.0110
88.3746 0.0230
0.0000 1.0000
20.8151 0.0250
0.0000 1.0000
196.6241 0.0210
108.1489 0.0200
5.1007 0.0370
15.3667 0.0110
23.2777 0.0230
67.3978 0.0220
33.5804 0.0290
116.0794 0.0200
231.5946 0.0180
65.0507 0.0260
0.0000 1.0000
126.5743 0.0240
30.5362 0.0200
458.4422 0.0150
51.9198 0.0170
248.5068 0.0160
21.3516 0.0210
21.3883 0.0160
135.9712 0.0200
93.0658 0.0210
52.6970 0.0190
104.1622 0.0250
66.0757 0.0240
224.9047 0.0180
175.2155 0.0190
102.2425 0.0240
12.8157 0.0290
51.8598 0.0220
81.1203 0.0200
260.0187 0.0160
178.3591 0.0200
141.5329 0.0230
210.7133 0.0210
264.9950 0.0180
68.4751 0.0210
165.8880 0.0230
124.0599 0.0210
159.2838 0.0180
11.8835 0.0130
243.9729 0.0180
36.5451 0.0200
22.9456 0.0150
113.7962 0.0200
60.5232 0.0270
53.0928 0.0240
119.9683 0.0200
26.5831 0.0300
99.2823 0.0230
67.2531 0.0160
0.0000 1.0000
244.7185 0.0190
18.8398 0.0260
125.8903 0.0210
188.5259 0.0180
75.8937 0.0220
124.9117 0.0200
317.4489 0.0110
189.4017 0.0210
227.1867 0.0190
51.0753 0.0230
183.7342 0.0170
39.8613 0.0140
52.4295 0.0290
124.1631 0.0170
49.1169 0.0180
59.2276 0.0250
245.1849 0.0160
45.9168 0.0210
48.9489 0.0210
45.5627 0.0220
36.0598 0.0190
221.0978 0.0160
307.0889 0.0170
91.0023 0.0150
364.1935 0.0160
26.3815 0.0130
325.6154 0.0170
35.8820 0.0250
147.0996 0.0210
228.9088 0.0140
248.9063 0.0170
138.7721 0.0220
242.3245 0.0210
66.2531 0.0220
112.4596 0.0160
83.6685 0.0240
249.1665 0.0200
156.4828 0.0180
6.2387 0.0240
515.3982 1.0000
339.5334 0.0160
91.1544 0.0240
51.9012 0.0300
77.0379 0.0210
318.2117 0.0150
28.1778 0.0220
76.8437 0.0190
194.8033 0.0250
69.3529 0.0220
58.7993 0.0170
111.0123 0.0180
63.6437 0.0230
78.4676 0.0150
27.5553 0.0280
0.0000 1.0000
105.7639 0.0160
246.8782 0.0170
277.0707 0.0160
101.1895 0.0230
188.7132 0.0190
23.6670 0.0200
41.9715 0.0220
88.4535 0.0220
139.6501 0.0200
145.2371 0.0190
32.5940 0.0130
184.8977 0.0210
153.7806 0.0250
72.3910 0.0250
201.5024 0.0180
383.7608 0.0150
99.6697 0.0200
309.7694 0.0170
5.4559 0.0050
0.0000 1.0000
0.0000 1.0000
34.3041 0.0310
59.0490 0.0230
48.0484 0.0290
385.5362 0.0160
40.9442 0.0210
23.2678 0.0220
261.6180 0.0150
162.8283 0.0160
57.2608 0.0210
357.1203 0.0120
156.6321 0.0220
126.6133 0.0180
155.8395 0.0190
10.8752 0.0270
63.4274 0.0200
260.9043 0.0150
112.0144 0.0230
14.4006 0.0230
16.0787 0.0200
164.2880 0.0200
55.1233 0.0250
61.8187 0.0250
49.9143 0.0210
86.0157 0.0200
0.0000 1.0000
21.4806 0.0170
258.3399 0.0200
33.2620 0.0180
287.5803 0.0150
146.6746 0.0200
172.7217 0.0180
243.0710 0.0190
174.2953 0.0190
32.4689 0.0060
133.3043 0.0190
194.4928 0.0200
98.3885 0.0200
17.8965 0.0180
186.1036 0.0210
285.9852 0.0180
13.3103 0.0080
200.4278 0.0180
149.9243 0.0170
507.2140 0.0200
0.0000 1.0000
48.8198 0.0260
19.7993 0.0160
28.8326 0.0240
14.9581 0.0140
42.7847 0.0240
0.0000 1.0000
371.6668 0.0160
90.5507 0.0200
59.4590 0.0300
126.5283 0.0220
450.6759 0.0130
216.0812 0.0160
158.4945 0.0230
142.7732 0.0220
74.5720 0.0300
52.7722 0.0250
116.5112 0.0200
90.7026 0.0230
73.6041 0.0260
251.6192 0.0200
110.0492 0.0220
62.9156 0.0250
176.5135 0.0160
41.6113 0.0160
365.5003 0.0120
101.8729 0.0230
270.6579 0.0160
0.0000 1.0000
175.4486 0.0180
122.9698 0.0240
237.3563 0.0110
102.7895 0.0240
139.6185 0.0200
56.7516 0.0210
107.5442 0.0240
16.2795 0.0170
112.8611 0.0240
191.3138 0.0130
147.3114 0.0210
0.0000 1.0000
266.7852 0.0180
22.4629 0.0140
193.2260 0.0200
112.8906 0.0210
0.0000 1.0000
131.6893 0.0230
361.6126 0.0140
66.3695 0.0270
24.2636 0.0040
129.3554 0.0220
314.4257 0.0160
75.3819 0.0220
53.7029 0.0160
102.9332 0.0220
162.2484 0.0190
17.4305 0.0320
204.2760 0.0150
23.2513 0.0210
271.7061 0.0150
483.3513 0.0150
99.9279 0.0220
24.7178 0.0080
12.7382 0.0130
118.6845 0.0260
12.1443 0.0040
166.5455 0.0180
28.7417 0.0240
193.5085 0.0140
219.6238 0.0180
45.7464 0.0160
16.9275 0.0310
265.6798 0.0200
35.4214 0.0270
62.0503 0.0240
12.9472 0.0220
193.7444 0.0160
73.6390 0.0230
210.9278 0.0200
0.0000 1.0000
80.8551 0.0220
17.0384 0.0250
16.7660 0.0240
99.7429 0.0240
67.9575 0.0260
11.6643 0.0110
59.2530 0.0240
32.2236 0.0300
251.8163 0.0190
265.0672 0.0200
0.0000 1.0000
212.3606 0.0210
93.9893 0.0230
26.6296 0.0200
29.5595 0.0270
36.9249 0.0190
61.1233 0.0280
172.6679 0.0240
86.0417 0.0250
197.3135 0.0150
233.0890 0.0170
96.3485 0.0180
317.6305 0.0130
110.6003 0.0230
111.5338 0.0180
374.6347 0.0160
152.3650 0.0160
0.0000 1.0000
26.9904 0.0280
181.6239 0.0220
190.6151 0.0170
7.4136 0.0190
15.6728 0.0160
149.7035 0.0210
59.6812 0.0180
86.2995 0.0260
0.0000 1.0000
205.6978 0.0180
39.7245 0.0150
131.9201 0.0250
142.5031 0.0210
23.8843 0.0270
23.8657 0.0220
130.6932 0.0170
82.0904 0.0290
17.3856 0.0110
189.3916 0.0230
332.0669 0.0150
30.1157 0.0240
21.3913 0.0310
0.0000 1.0000
16.7737 0.0200
483.3799 0.0170
17.6074 0.0160
258.8672 0.0160
265.2470 0.0190
65.1069 0.0190
100.7787 0.0200
348.1852 0.0160
87.2651 0.0240
59.0452 0.0250
295.8275 0.0180
114.3153 0.0240
0.0000 1.0000
46.9043 0.0300
244.6468 0.0160
168.6835 0.0180
0.0000 1.0000
56.5700 0.0240
42.9434 0.0230
19.7740 0.0090
59.2279 0.0270
180.5533 0.0220
310.9937 0.0190
123.8711 0.0150
75.3656 0.0240
52.2812 0.0220
15.5955 0.0300
62.7886 0.0180
17.9764 0.0240
63.7369 0.0220
253.5078 0.0190
39.3078 0.0230
116.2418 0.0160
17.5159 0.0200
20.9541 0.0230
194.4646 0.0230
302.7867 0.0170
25.9881 0.0270
51.6432 0.0290
214.8294 0.0180
145.6300 0.0260
210.9483 0.0180
10.9847 0.0260
40.9417 0.0250
189.2227 0.0200
228.1820 0.0170
75.9165 0.0230
138.1177 0.0220
25.1551 0.0230
277.4403 0.0170
56.2692 0.0250
173.3352 0.0170
169.3456 0.0110
404.2317 0.0180
84.9644 0.0210
36.3629 0.0270
31.5461 0.0220
147.5678 0.0190
52.3157 0.0190
248.3681 0.0160
117.4145 0.0190
30.5787 0.0170
68.8165 0.0250
25.4902 0.0070
115.9655 0.0240
363.0089 0.0170
87.9131 0.0160
69.7302 0.0220
114.9806 0.0210
133.8680 0.0180
33.2521 0.0260
14.5189 0.0300
30.4792 0.0310
0.0000 1.0000
8.1970 0.0270
16.2987 0.0130
28.8670 0.0290
89.6518 0.0260
123.1704 0.0190
116.6801 0.0200
53.8471 0.0240
18.3639 0.0230
41.0590 0.0220
22.2982 0.0210
32.7591 0.0130
96.3237 0.0190
62.6386 0.0180
172.7770 0.0210
57.3952 0.0260
118.9748 0.0210
7.7633 0.0210
204.4505 0.0220
61.7931 0.0220
104.7171 0.0280
162.1516 0.0220
231.4096 0.0190
0.0000 1.0000
18.0369 0.0250
294.0745 0.0180
296.5252 0.0150
79.2012 0.0240
46.2766 0.0200
204.7544 0.0200
32.8590 0.0280
385.3421 0.0170
20.9632 0.0200
130.7205 0.0170
360.1031 0.0140
34.0820 0.0230
128.5165 0.0120
40.2956 0.0290
215.0511 0.0230
266.0660 0.0200
134.2271 0.0220
22.9324 0.0100
13.7741 0.0110
4.9771 0.0310
71.6531 0.0220
68.6741 0.0280
81.2323 0.0160
77.4588 0.0260
316.4746 0.0160
89.6568 0.0230
102.1805 0.0120
97.9641 0.0230
0.0000 1.0000
115.1892 0.0230
23.9982 0.0260
38.8482 0.0320
177.1093 0.0200
326.8083 0.0130
19.5632 0.0270
281.8623 0.0180
110.0658 0.0220
44.9185 0.0220
231.5609 0.0190
139.2701 0.0230
179.4197 0.0200
151.3994 0.0170
103.2603 0.0200
44.7342 0.0210
131.5100 0.0180
88.6173 0.0190
10.7341 0.0190
93.0352 0.0280
32.6467 0.0200
89.6209 0.0220
40.1635 0.0220
228.1623 0.0180
38.3959 0.0240
112.6683 0.0220
87.2475 0.0240
233.9928 0.0190
230.0452 0.0200
104.9401 0.0220
127.2997 0.0230
30.9122 0.0190
219.8908 0.0200
85.3610 0.0230
51.5802 0.0230
170.6924 0.0200
0.0000 1.0000
135.2501 0.0240
120.0559 0.0230
172.4686 0.0240
32.1837 0.0300
17.7020 0.0220
0.0000 1.0000
216.3976 0.0220
22.0201 0.0200
23.9869 0.0220
294.6684 0.0170
57.9416 0.0250
121.4999 0.0240
11.4757 0.0240
23.7515 0.0220
59.8596 0.0260
170.8116 0.0230
15.5531 0.0220
34.3206 0.0270
175.8930 0.0200
21.1335 0.0150
25.1736 0.0190
25.0982 0.0180
107.8078 0.0230
0.0000 1.0000
46.5350 0.0240
53.5745 0.0220
107.7304 0.0220
27.3283 0.0240
29.8009 0.0050
131.6462 0.0230
197.9619 0.0180
52.0732 0.0270
9.9102 0.0330
152.8274 0.0150
31.6230 0.0130
21.9734 0.0060
23.6802 0.0170
81.4185 0.0180
90.1852 0.0230
0.0000 1.0000
10.7505 0.0240
61.2737 0.0240
39.3226 0.0200
70.5804 0.0230
22.9406 0.0130
41.8040 0.0230
31.7694 0.0250
180.6685 0.0180
279.6891 0.0200
343.4324 0.0170
121.6162 0.0240
163.9837 0.0190
48.6713 0.0220
175.2419 0.0230
93.9021 0.0240
114.8247 0.0160
65.3558 0.0220
29.4371 0.0140
55.9163 0.0170
25.9747 0.0090
29.9259 0.0240
155.8619 0.0200
71.7578 0.0270
16.4780 0.0290
293.0627 0.0180
279.8723 0.0160
320.5491 0.0200
211.9458 0.0220
19.0654 0.0230
97.7057 0.0250
83.5919 0.0280
151.0990 0.0240
240.2337 0.0160
81.1274 0.0260
39.7853 0.0180
87.9118 0.0230
170.0963 0.0190
160.3127 0.0210
110.6724 0.0230
45.3201 0.0240
42.6384 0.0190
167.3016 0.0180
132.5822 0.0200
32.7028 0.0200
165.8262 0.0230
52.8495 0.0220
105.3834 0.0180
44.7368 0.0140
60.4686 0.0240
60.4923 0.0230
35.1747 0.0220
241.3409 0.0190
159.0579 0.0240
63.6731 0.0110
60.4196 0.0190
45.4822 0.0230
39.7005 0.0240
4.8410 0.0190
137.0465 0.0190
34.3717 0.0220
254.1395 0.0180
118.3573 0.0230
18.5692 0.0080
0.0000 1.0000
0.0000 1.0000
258.5800 0.0200
237.8251 0.0210
92.1627 0.0210
16.5466 0.0180
31.3144 0.0300
50.3067 0.0220
40.8372 0.0210
8.9698 0.0200
12.7142 0.0080
14.6807 0.0220
46.7953 0.0220
377.8895 0.0170
92.3210 0.0220
56.8680 0.0250
0.0000 1.0000
11.6005 0.0190
294.9288 0.0180
131.5576 0.0260
233.0158 0.0160
405.9905 0.0130
210.1784 0.0170
52.1692 0.0210
225.6795 0.0220
182.0381 0.0210
125.0597 0.0170
105.9429 0.0190
35.8018 0.0260
51.0084 0.0170
0.0000 1.0000
157.9014 0.0240
381.4602 0.0140
318.7163 0.0200
139.4147 0.0210
91.3946 0.0230
110.7129 0.0180
7.0440 0.0170
63.9278 0.0270
50.2220 0.0220
13.9850 0.0210
280.5853 0.0160
29.0475 0.0200
14.8988 0.0170
442.5354 0.0130
19.8957 0.0100
0.0000 1.0000
0.0000 1.0000
42.0546 0.0240
182.4004 0.0220
48.9778 0.0190
88.5965 0.0230
172.3063 0.0170
23.1898 0.0300
14.3152 0.0250
230.1634 0.0170
199.8160 0.0180
4.9181 0.0100
195.7880 0.0200
17.6828 0.0200
94.3162 0.0260
90.0445 0.0260
13.9506 0.0270
289.9062 0.0160
193.3647 0.0180
235.4711 0.0180
77.1222 0.0230
42.0416 0.0240
24.3209 0.0180
68.2020 0.0220
185.5790 0.0230
114.8639 0.0240
22.1225 0.0230
64.4458 0.0050
127.9012 0.0190
126.8090 0.0190
69.7665 0.0240
87.6022 0.0230
107.7965 0.0220
39.7647 0.0280
104.8155 0.0210
94.4734 0.0180
128.8831 0.0200
21.4402 0.0050
27.9661 0.0220
11.5160 0.0270
159.2569 0.0220
40.1657 0.0240
10.1288 0.0260
123.7475 0.0210
190.7979 0.0200
163.1744 0.0190
211.3285 0.0200
254.4603 0.0160
133.0603 0.0230
26.7071 0.0250
78.1097 0.0290
144.3988 0.0220
113.1920 0.0250
126.4299 0.0170
348.0391 0.0140
104.5721 0.0210
49.3840 0.0310
61.3730 0.0200
168.5906 0.0170
104.4454 0.0190
150.8696 0.0180
10.9389 0.0190
212.2001 0.0200
12.6919 0.0220
191.7674 0.0210
279.6639 0.0190
190.1193 0.0160
198.4795 0.0160
139.7653 0.0180
204.6185 0.0190
169.5095 0.0190
40.1551 0.0190
192.5564 0.0220
10.7232 0.0260
0.0000 1.0000
90.8939 0.0230
133.5258 0.0250
70.3323 0.0230
105.0178 0.0250
14.4053 0.0290
314.4522 0.0180
167.1785 0.0240
99.3304 0.0160
35.6732 0.0220
79.0747 0.0280
31.8325 0.0210
82.1973 0.0210
96.3519 0.0240
32.8823 0.0190
195.0486 0.0220
201.7741 0.0210
41.6682 0.0210
99.7452 0.0180
31.7986 0.0270
221.9954 0.0160
97.1132 0.0220
44.1778 0.0220
361.1095 0.0180
139.4899 0.0210
93.3973 0.0160
46.3769 0.0290
24.3588 0.0100
119.3914 0.0200
48.2969 0.0280
11.4262 0.0130
126.1880 0.0240
0.0000 1.0000
84.0390 0.0220
24.7378 0.0110
73.6841 0.0220
106.9971 0.0220
0.0000 1.0000
98.8459 0.0190
181.4597 0.0200
17.3191 0.0120
83.9540 0.0260
34.3492 0.0160
82.8346 0.0200
54.4903 0.0200
18.6370 0.0230
61.7252 0.0230
41.8657 0.0240
58.5667 0.0230
170.1774 0.0200
46.4332 0.0200
28.1043 0.0240
23.1398 0.0170
342.0996 0.0160
28.5792 0.0200
422.5909 0.0140
18.2188 0.0160
284.8079 0.0200
372.2900 0.0170
232.7599 0.0210
205.5950 0.0200
13.0476 0.0230
94.4361 0.0230
76.5150 0.0200
49.2046 0.0260
59.1585 0.0250
226.9326 0.0210
165.7854 0.0200
61.9051 0.0280
39.4795 0.0180
28.2530 0.0100
251.8563 0.0200
309.8503 0.0150
11.4633 0.0160
0.0000 1.0000
50.4332 0.0240
70.1024 0.0240
57.6239 0.0230
53.5962 0.0210
280.7542 0.0120
62.1440 0.0240
155.0947 0.0180
61.3228 0.0250
383.5977 0.0190
8.3964 0.0040
0.0000 1.0000
7.3429 0.0240
9.7698 0.0320
126.2955 0.0140
106.3542 0.0240
20.1419 0.0260
61.5653 0.0220
226.2727 0.0170
0.0000 1.0000
70.1453 0.0220
13.1070 0.0260
144.7166 0.0160
110.6378 0.0180
27.5307 0.0190
35.0341 0.0240
223.0192 0.0190
49.0208 0.0260
96.5458 0.0210
144.9039 0.0250
115.4939 0.0180
12.6577 0.0160
0.0000 1.0000
39.6483 0.0310
49.2256 0.0250
231.0794 0.0160
65.0345 0.0220
209.7251 0.0160
111.3843 0.0180
49.2793 0.0220
17.9713 0.0130
178.8959 0.0200
20.4850 0.0260
53.8584 0.0210
23.1986 0.0220
353.3124 0.0140
24.7114 0.0200
0.0000 1.0000
13.3047 0.0310
24.7410 0.0190
40.1370 0.0250
104.1143 0.0190
222.1408 0.0200
11.1460 0.0140
100.6311 0.0170
236.1373 0.0200
70.9070 0.0220
102.0854 0.0190
167.8965 0.0170
164.4890 0.0220
161.4735 0.0180
23.2273 0.0100
0.0000 1.0000
6.3083 0.0390
58.3968 0.0240
227.5583 0.0190
91.9978 0.0230
28.1621 0.0270
63.0346 0.0280
146.8707 0.0200
9.2980 0.0170
14.1504 0.0250
124.5770 0.0240
18.0017 0.0160
138.8181 0.0240
120.8156 0.0230
287.8854 0.0210
211.5636 0.0170
179.5005 0.0180
167.3760 0.0220
80.7426 0.0210
309.7561 0.0190
100.2135 0.0220
15.7215 0.0270
219.0271 0.0180
29.1347 0.0180
46.3042 0.0250
27.2172 0.0160
29.0988 0.0210
237.1494 0.0150
78.9529 0.0180
200.8922 0.0190
13.6180 0.0160
123.5284 0.0220
52.6653 0.0210
61.1729 0.0220
67.4303 0.0230
123.6151 0.0170
36.9632 0.0250
315.2800 0.0150
94.5830 0.0190
159.5687 0.0200
20.3142 0.0130
336.4409 0.0160
177.0075 0.0230
113.0535 0.0240
164.5943 0.0150
29.8632 0.0290
106.3369 0.0220
60.1338 0.0270
244.6741 0.0140
205.9098 0.0170
25.2073 0.0190
22.0052 0.0210
235.2656 0.0190
126.4999 0.0240
14.7635 0.0090
20.6121 0.0220
53.9402 0.0250
22.7449 0.0240
307.8310 0.0160
118.7681 0.0200
51.6505 0.0280
31.5450 0.0210
180.5368 0.0170
23.2038 0.0100
96.9366 0.0260
195.5244 0.0230
88.2778 0.0200
49.9037 0.0180
38.6617 0.0230
119.2293 0.0170
21.8160 0.0210
153.9246 0.0160
153.6327 0.0210
74.8673 0.0280
9.0689 0.0220
99.4160 0.0160
91.2784 0.0210
36.5137 0.0230
76.1615 0.0190
19.9986 0.0170
289.2399 0.0170
85.4487 0.0220
145.9769 0.0190
45.6376 0.0180
232.7178 0.0150
195.9238 0.0210
70.0735 0.0280
168.0652 0.0210
108.5634 0.0210
63.4624 0.0170
4.6170 0.0290
3.9854 0.0200
28.9441 0.0240
210.3510 0.0210
58.6895 0.0210
62.6897 0.0250
34.6286 0.0070
43.1401 0.0240
37.0999 0.0130
44.9006 0.0250
138.2392 0.0230
53.8767 0.0200
7.0438 0.0260
38.8622 0.0270
52.5981 0.0240
189.1481 0.0210
98.6080 0.0220
35.3032 0.0240
70.4611 0.0210
23.8536 0.0240
37.5536 0.0270
95.5743 0.0230
15.6084 0.0250
0.0000 1.0000
123.2275 0.0230
38.7669 0.0230
38.5250 0.0260
63.5832 0.0220
52.4936 0.0310
27.2893 0.0230
53.2771 0.0210
37.4981 0.0210
128.3735 0.0150
242.7405 0.0210
41.1572 0.0250
110.6095 0.0180
18.3449 0.0320
21.2471 0.0270
84.1039 0.0260
169.9103 0.0190
5.3713 0.0230
147.2084 0.0210
41.9069 0.0270
10.0589 0.0220
138.4773 0.0250
32.5461 0.0250
98.8963 0.0260
32.4876 0.0210
125.8653 0.0230
311.8304 0.0180
11.0586 0.0270
10.2588 0.0170
15.4068 0.0090
333.8299 0.0160
27.8104 0.0260
34.3617 0.0190
197.4846 0.0220
58.1358 0.0240
36.7259 0.0230
239.9269 0.0210
174.1015 0.0230
73.3555 0.0210
223.9581 0.0200
274.2427 0.0190
45.3682 0.0250
161.3528 0.0200
134.9857 0.0280
173.4311 0.0170
71.8525 0.0160
38.8878 0.0260
240.5034 0.0190
161.8821 0.0210
66.8214 0.0200
18.7294 0.0050
120.2515 0.0210
22.0149 0.0140
3.7600 0.0310
46.8631 0.0210
0.0000 1.0000
38.2912 0.0210
98.3577 0.0230
186.6997 0.0160
128.6653 0.0230
41.4464 0.0230
82.3725 0.0270
273.4379 0.0150
41.9066 0.0230
89.0976 0.0180
169.7895 0.0210
182.6243 0.0240
89.9975 0.0230
0.0000 1.0000
37.6199 0.0150
17.7163 0.0130
15.9906 0.0080
203.5266 0.0180
41.4501 0.0210
0.0000 1.0000
67.9853 0.0280
38.6833 0.0200
270.3495 0.0180
96.4548 0.0220
0.0000 1.0000
27.7872 0.0140
33.0125 0.0240
36.4754 0.0180
139.7525 0.0200
17.6609 0.0470
16.3210 0.0320
98.5131 0.0210
297.3503 0.0150
26.9059 0.0260
40.0129 0.0260
18.3282 0.0280
26.2351 0.0200
67.4574 0.0200
18.1286 0.0280
75.5945 0.0220
81.7337 0.0220
58.8019 0.0280
226.1477 0.0170
126.1898 0.0250
212.9140 0.0190
15.1873 0.0150
119.2726 0.0240
88.5890 0.0240
21.0466 0.0200
22.1375 0.0190
63.0299 0.0200
27.4034 0.0240
196.7175 0.0190
30.0225 0.0130
50.5530 0.0240
49.7080 0.0230
194.8070 0.0190
0.0000 1.0000
41.3140 0.0290
42.4317 0.0300
150.3458 0.0200
10.4129 0.0100
228.9699 0.0180
125.8239 0.0150
141.5726 0.0140
77.8162 0.0200
245.9426 0.0170
32.1784 0.0240
66.4409 0.0260
29.0412 0.0180
110.1164 0.0190
115.7920 0.0240
0.0000 1.0000
12.2553 0.0030
17.1352 0.0140
124.5697 0.0180
120.6253 0.0210
172.9665 0.0140
158.9485 0.0210
303.3348 0.0150
127.0709 0.0190
177.5003 0.0200
8.6536 0.0240
10.0227 0.0110
30.6177 0.0270
18.2551 0.0230
138.3177 0.0230
0.0000 1.0000
59.8674 0.0170
86.6979 0.0260
265.2257 0.0160
260.6791 0.0170
140.0250 0.0220
123.7436 0.0220
227.0510 0.0150
189.3037 0.0200
361.0836 0.0160
55.7873 0.0250
169.9982 0.0170
15.5669 0.0090
40.5033 0.0200
72.0671 0.0220
242.6742 0.0190
160.9412 0.0190
47.2528 0.0260
252.0648 0.0190
202.6351 0.0190
265.8519 0.0180
27.7184 0.0240
181.8291 0.0200
100.9691 0.0250
181.1318 0.0200
128.3405 0.0200
7.8818 0.0220
107.9076 0.0200
25.2816 0.0150
57.9115 0.0210
271.0324 0.0150
362.6083 0.0150
125.9407 0.0230
9.9879 0.0250
126.5552 0.0180
17.6597 0.0280
98.7589 0.0210
213.3960 0.0190
0.0000 1.0000
150.2142 0.0200
66.0960 0.0280
163.4691 0.0180
99.1864 0.0210
136.3973 0.0200
122.8778 0.0250
14.0076 0.0260
138.7603 0.0160
118.2609 0.0270
201.6929 0.0190
75.3274 0.0200
341.3572 0.0140
35.0358 0.0220
11.4971 0.0080
276.0076 0.0140
57.1858 0.0220
214.9363 0.0180
0.0000 1.0000
27.4780 0.0250
35.5077 0.0180
50.2246 0.0250
130.7249 0.0250
0.0000 1.0000
12.5724 0.0180
158.8817 0.0190
173.2337 0.0200
16.9626 0.0170
23.0756 0.0230
46.9636 0.0190
34.6580 0.0180
169.9043 0.0170
46.6663 0.0250
60.7603 0.0250
39.9667 0.0300
102.1438 0.0220
196.0786 0.0180
230.1262 0.0180
35.6602 0.0210
71.1942 0.0220
74.4393 0.0200
38.9706 0.0180
0.0000 1.0000
165.4972 0.0190
54.5371 0.0270
0.0000 1.0000
42.1589 0.0230
154.1018 0.0200
189.8424 0.0190
83.1221 0.0190
64.4868 0.0280
24.0617 0.0250
0.0000 1.0000
63.5687 0.0200
89.5529 0.0230
132.3620 0.0200
64.4540 0.0190
22.6660 0.0260
15.5849 0.0180
30.1873 0.0140
118.1998 0.0230
20.5508 0.0160
61.3713 0.0190
14.2969 0.0070
14.6190 0.0100
179.0614 0.0180
18.0031 0.0200
19.2581 0.0120
57.4591 0.0240
18.2769 0.0220
27.9216 0.0260
324.7902 0.0160
0.0000 1.0000
39.9464 0.0280
37.5121 0.0120
120.2782 0.0240
60.5589 0.0250
0.0000 1.0000
0.0000 1.0000
0.0000 1.0000
0.0000 1.0000
136.5995 0.0230
70.8368 0.0260
11.9227 0.0320
154.0481 0.0210
50.1959 0.0210
271.9196 0.0170
0.0000 1.0000
10.1139 0.0130
7.1595 0.0230
102.6636 0.0200
9.9211 0.0360
41.0347 0.0230
29.9278 0.0230
241.6847 0.0190
0.0000 1.0000
76.2017 0.0230
114.4158 0.0250
103.5828 0.0220
42.8204 0.0190
15.5485 0.0170
74.0071 0.0220
93.0651 0.0210
129.4214 0.0210
143.5005 0.0210
309.7689 0.0170
0.0000 1.0000
60.7757 0.0230
13.1680 0.0120
20.4003 0.0120
36.6988 0.0230
0.0000 1.0000
23.2687 0.0240
19.0303 0.0270
117.8159 0.0230
92.4606 0.0210
37.6605 0.0170
163.0117 0.0210
83.2079 0.0300
0.0000 1.0000
50.9760 0.0220
115.2420 0.0190
7.2232 0.0230
29.7830 0.0310
30.1402 0.0310
70.6368 0.0200
43.7951 0.0200
6.5077 0.0110
22.0773 0.0170
112.0604 0.0220
69.0073 0.0170
82.5128 0.0220
15.4610 0.0310
25.0824 0.0230
14.5813 0.0170
15.2808 0.0260
243.3377 0.0170
35.5404 0.0250
29.5747 0.0260
118.0519 0.0190
355.1550 0.0170
33.4381 0.0280
47.2307 0.0240
29.0834 0.0150
78.6600 0.0210
33.6995 0.0350
42.9968 0.0200
14.9521 0.0120
59.6477 0.0210
72.5608 0.0260
47.6793 0.0240
181.3647 0.0190
141.9462 0.0190
216.0776 0.0200
0.0000 1.0000
171.7893 0.0170
17.8372 0.0300
217.8295 0.0220
19.4684 0.0230
97.7588 0.0270
40.0203 0.0280
115.7261 0.0200
22.1176 0.0110
289.5435 0.0160
102.9493 0.0250
127.0663 0.0240
26.0916 0.0250
229.9833 0.0140
114.7642 0.0270
138.4016 0.0180
130.3882 0.0240
97.7169 0.0240
113.4571 0.0190
146.3145 0.0210
59.7149 0.0240
1.8294 0.0280
15.2824 0.0120
29.8449 0.0260
90.6415 0.0190
97.6007 0.0220
51.8576 0.0310
19.1477 0.0120
0.0000 1.0000
170.9793 0.0220
73.6033 0.0150
165.5363 0.0210
16.9793 0.0170
146.0284 0.0180
7.0859 0.0210
62.7025 0.0260
100.3792 0.0210
64.3232 0.0160
40.3302 0.0240
43.4488 0.0290
14.3437 0.0150
3.5456 0.0220
110.0170 0.0220
19.7524 0.0100
92.2309 0.0220
18.9676 0.0200
154.1922 0.0210
28.3834 0.0270
257.2934 0.0190
233.7747 0.0210
66.4042 0.0250
125.7055 0.0230
191.6875 0.0180
11.8596 0.0170
147.7469 0.0210
24.2329 0.0130
187.9130 0.0210
8.8123 0.0180
20.1541 0.0220
71.5204 0.0240
162.0718 0.0210
72.5481 0.0180
0.0000 1.0000
15.1599 0.0080
37.4515 0.0300
122.6102 0.0230
20.5155 0.0170
0.0000 1.0000
51.3620 0.0280
36.9386 0.0190
162.6027 0.0170
9.0224 0.0150
66.0224 0.0300
117.8622 0.0210
7.4168 0.0210
0.0000 1.0000
17.4788 0.0220
288.7361 0.0170
44.2687 0.0190
46.4088 0.0230
80.5545 0.0280
30.8499 0.0170
175.1031 0.0210
117.7032 0.0250
199.7909 0.0200
19.6799 0.0210
73.1277 0.0240
138.9566 0.0190
33.3175 0.0200
102.0660 0.0210
17.3261 0.0210
68.2982 0.0260
188.1793 0.0190
0.0000 1.0000
54.5393 0.0230
22.3963 0.0160
32.8411 0.0230
93.4878 0.0230
25.3512 0.0250
19.4338 0.0200
60.2272 0.0240
118.1007 0.0150
24.5325 0.0190
4.3005 0.0310
55.1437 0.0250
0.0000 1.0000
45.2121 0.0260
16.9193 0.0150
62.1444 0.0280
187.0675 0.0170
26.4810 0.0180
175.7905 0.0190
22.3929 0.0150
134.2950 0.0230
109.1874 0.0220
38.4717 0.0200
171.7872 0.0230
61.6398 0.0290
47.8243 0.0220
41.8536 0.0250
34.7405 0.0210
12.4807 0.0290
31.9680 0.0210
22.8093 0.0200
187.1431 0.0160
175.8841 0.0200
31.8958 0.0260
168.3286 0.0240
22.1014 0.0180
183.5730 0.0210
199.4687 0.0190
24.5446 0.0190
58.0048 0.0250
30.2341 0.0190
112.8369 0.0200
205.2116 0.0180
61.0619 0.0210
35.9985 0.0260
79.4565 0.0280
224.7708 0.0150
64.1984 0.0240
15.5928 0.0160
37.1928 0.0330
82.6692 0.0180
41.2428 0.0240
36.4909 0.0180
19.7506 0.0210
115.5037 0.0240
150.1137 0.0210
34.7016 0.0190
8.7489 0.0130
39.5797 0.0250
142.6838 0.0180
74.4266 0.0190
195.1328 0.0170
38.1462 0.0210
16.1304 0.0260
38.7839 0.0220
44.4149 0.0290
154.8918 0.0170
222.5271 0.0180
89.5201 0.0240
263.1938 0.0190
86.2573 0.0180
43.7699 0.0230
