0.2553 0.1359
0.0642 0.1301
0.9128 0.0720
0.2581 0.1351
0.6749 0.1044
2.4145 0.0719
0.0232 0.1718
0.8408 0.1063
2.5887 0.0857
0.1320 0.1377
1.5441 0.0725
0.2210 0.1253
2.7952 0.1074
0.0392 0.1533
0.4294 0.1252
0.1196 0.1559
2.5666 0.1060
1.5469 0.1304
0.4022 0.1378
0.3816 0.1088
0.9667 0.1066
0.0123 0.1807
0.0032 0.1873
0.3537 0.1445
2.9225 0.1017
0.0031 0.1972
2.7635 0.1331
0.9170 0.0931
3.5638 0.0830
1.6012 0.1016
0.3250 0.1041
0.1519 0.1414
0.9531 0.1200
1.6711 0.0774
0.1692 0.1538
0.2982 0.1300
0.5186 0.1381
0.1381 0.1426
0.8537 0.1079
0.0707 0.1309
0.5416 0.1100
1.0219 0.0828
0.1655 0.1568
0.2380 0.1331
4.1839 0.0953
0.0095 0.1822
0.0484 0.1524
0.3251 0.1303
3.8994 0.1872
1.2782 0.0887
0.0338 0.1849
0.6812 0.0911
0.0023 0.1988
0.3163 0.1307
0.0936 0.1518
0.8925 0.1135
1.7799 0.1520
0.7729 0.0957
3.5373 0.0921
1.0272 0.1201
0.0086 0.1822
0.5620 0.1290
0.1221 0.1421
4.9583 0.0760
0.2220 0.1546
0.2714 0.1369
1.8643 0.1096
0.1374 0.1310
2.0413 0.0655
0.8610 0.1130
1.1051 0.0965
0.8264 0.1185
0.8549 0.1206
0.2281 0.1274
0.4104 0.1175
0.4405 0.1162
0.3093 0.1341
2.0693 0.1200
0.0496 0.1497
0.2717 0.1449
0.0311 0.1457
0.9373 0.1140
0.2193 0.1434
0.0927 0.1362
0.0159 0.1816
0.3205 0.1142
0.0104 0.1942
0.0371 0.1682
0.3088 0.1405
2.0466 0.1228
0.1133 0.1491
0.2361 0.1294
0.5164 0.2042
0.0149 0.1822
0.0810 0.1569
1.0171 0.0957
1.5642 0.0991
1.8418 0.0856
1.2194 0.1050
1.6497 0.1257
2.7226 0.0991
1.3383 0.1170
0.7553 0.1259
4.1159 0.0328
2.1420 0.0740
0.3871 0.1237
1.6679 0.1177
1.7826 0.1002
0.6746 0.1033
1.1605 0.0689
0.0153 0.1769
0.9920 0.1154
2.5920 0.0894
0.1518 0.1424
0.3970 0.1154
2.1114 0.0946
1.2441 0.1167
0.0354 0.1708
0.4973 0.1376
2.4902 0.0936
5.2580 0.0999
0.1531 0.1418
2.2216 0.0813
2.5361 0.0611
1.8093 0.0963
1.0651 0.0861
0.7335 0.1164
1.7962 0.0908
1.3521 0.1217
0.1927 0.1462
0.4924 0.1211
6.8593 0.0806
2.4391 0.0605
0.1071 0.1554
0.5919 0.1205
0.0145 0.1916
1.6462 0.0856
0.1927 0.1375
0.7945 0.1065
0.6926 0.1237
1.9563 0.1291
0.5491 0.1202
1.9043 0.0628
0.0011 0.2215
0.0059 0.1873
0.0903 0.1507
0.8095 0.0950
0.0047 0.1908
3.4869 0.0544
0.0362 0.1754
1.4565 0.1032
2.3949 0.1045
1.1489 0.0938
1.2040 0.1020
0.0257 0.1771
0.1371 0.1408
0.5088 0.1289
1.6132 0.0879
0.1176 0.1540
2.5211 0.0836
1.4634 0.1009
0.1206 0.1685
0.1112 0.1509
0.2328 0.1544
0.0442 0.1579
0.0926 0.1269
0.3785 0.1236
0.5217 0.1185
0.1958 0.1192
0.2923 0.1236
1.0566 0.0990
1.3466 0.1130
0.1829 0.1542
2.0165 0.0787
6.5710 0.0629
3.8790 0.0853
0.0082 0.2002
3.5108 0.0575
1.9558 0.1163
0.2702 0.1418
1.4634 0.0834
1.3854 0.0451
0.0756 0.1602
1.0213 0.0850
1.4976 0.0838
0.7758 0.1054
5.4915 0.5155
0.4547 0.0780
0.2659 0.1301
0.0520 0.1641
0.4997 0.1387
0.1079 0.1472
0.1114 0.1272
1.5967 0.0844
0.4458 0.1160
0.1399 0.1326
5.9268 0.0694
0.2760 0.1343
2.6230 0.0568
1.2686 0.1384
3.5055 0.0717
0.0100 0.1841
0.3476 0.0889
2.3508 0.0844
0.6653 0.1173
0.2365 0.1547
0.7475 0.1388
2.5579 0.1051
1.5349 0.0578
0.2425 0.1401
0.1198 0.1586
0.1555 0.1302
0.5293 0.1257
0.2562 0.1182
1.3569 0.0729
1.4114 0.1253
0.4042 0.1340
0.2255 0.1245
2.4408 0.1145
0.0565 0.1604
2.1168 0.0962
0.3648 0.1230
0.1431 0.1301
1.0522 0.1136
0.6440 0.1216
0.0851 0.1579
1.0795 0.0975
0.0345 0.1748
0.6628 0.1245
0.1778 0.1415
1.6112 0.0763
4.2842 0.1206
0.0344 0.1684
0.0773 0.1362
0.1633 0.1277
0.3521 0.1376
2.1953 0.0897
2.7879 0.0866
0.6738 0.1185
0.1450 0.1404
1.8960 0.0828
0.0321 0.1636
0.0740 0.1340
0.2484 0.1387
0.1551 0.1259
0.9764 0.0982
0.4290 0.1144
0.5386 0.1339
3.6570 0.0676
0.2882 0.1254
1.5481 0.0779
0.0029 0.2102
0.0981 0.1458
0.4984 0.1360
0.8814 0.1248
6.0788 0.0900
3.4377 0.0965
0.9353 0.1228
3.0779 0.0754
1.1737 0.1211
0.1619 0.1520
2.0639 0.0538
0.0184 0.1840
1.2528 0.1017
0.0193 0.1756
0.1119 0.1471
2.8040 0.0478
0.0777 0.1586
0.6903 0.1115
0.0010 0.2169
2.2948 0.0528
0.0392 0.1846
0.5981 0.1231
1.7192 0.0830
0.1494 0.1190
1.0244 0.1069
1.1531 0.1313
0.1727 0.1186
0.1994 0.1234
1.6851 0.0921
0.2773 0.1274
0.8918 0.0799
0.1001 0.1608
0.2618 0.1252
1.8914 0.0752
0.5909 0.1073
0.8112 0.1124
1.4511 0.0693
0.5442 0.1124
0.0422 0.1522
0.0831 0.1744
3.5907 0.0398
4.8778 0.0984
1.5216 0.0906
1.0783 0.1143
0.2222 0.1287
2.9921 0.0950
1.0221 0.1143
0.5445 0.1355
0.0302 0.1600
0.2011 0.1421
5.4972 0.0851
3.6294 0.0839
1.1738 0.1167
0.0003 0.2301
1.3545 0.1011
1.9422 0.1082
1.1691 0.1019
0.1260 0.1454
1.1364 0.1134
0.0891 0.1426
0.1600 0.1324
0.2689 0.1315
0.2788 0.1560
1.1016 0.1111
0.0270 0.1599
0.9422 0.1150
2.9942 0.0582
0.3006 0.1260
0.7081 0.0983
1.4414 0.1172
0.1224 0.1405
0.0011 0.2266
0.1212 0.1514
3.1606 0.1104
0.0046 0.1895
0.0305 0.1512
1.5011 0.1145
1.3260 0.1185
2.0063 0.1190
0.0088 0.2036
0.3928 0.1078
1.3705 0.0803
0.4177 0.1051
2.7166 0.0867
0.0468 0.1455
0.4050 0.1118
0.1360 0.1371
0.5371 0.1372
0.8566 0.1027
5.7620 0.0827
0.9779 0.1074
1.1143 0.0628
1.0910 0.1129
1.3016 0.1167
0.0007 0.2328
0.4245 0.1332
0.1898 0.1433
0.0022 0.2027
1.8944 0.0877
0.1463 0.1522
0.0677 0.1712
0.3156 0.1118
0.1217 0.1330
0.9576 0.0766
0.0030 0.2005
0.0214 0.1874
0.0440 0.1726
1.6890 0.0989
0.0026 0.2008
0.1924 0.1422
0.1033 0.1520
0.1737 0.1381
1.1813 0.0950
0.5897 0.1081
0.4672 0.1247
0.0047 0.2066
0.2935 0.1393
0.0835 0.1592
0.1374 0.1507
0.7390 0.1127
0.1315 0.1623
0.5040 0.1202
0.1558 0.1550
0.0369 0.1786
0.0204 0.1815
2.4908 0.0791
0.8353 0.1122
2.6706 0.0798
0.0797 0.2175
1.4681 0.0710
0.1932 0.1167
0.2107 0.1321
0.9662 0.1287
0.1133 0.1491
0.6581 0.1138
0.1966 0.1374
0.0959 0.1477
0.0028 0.2061
0.4056 0.1360
0.3296 0.1326
0.2144 0.1116
0.0018 0.2094
0.0209 0.1847
0.2877 0.1463
0.0744 0.1571
1.3194 0.1007
0.0656 0.1692
0.0307 0.1704
0.0050 0.1997
0.0265 0.1612
0.9340 0.1234
0.6320 0.0965
0.0409 0.1547
2.2458 0.0803
0.0158 0.1859
0.4779 0.1253
4.3802 0.0804
3.5600 0.1245
1.1328 0.1081
0.3631 0.1334
0.1610 0.1666
3.7158 0.0145
0.3854 0.1496
0.0191 0.1815
0.0827 0.1709
2.2094 0.0887
0.4294 0.1150
0.8482 0.1058
0.9020 0.1101
0.3594 0.1436
1.3521 0.0908
0.1924 0.1403
0.1523 0.1445
4.5895 0.1009
1.5772 0.0924
0.0316 0.1790
0.0481 0.1777
0.2630 0.1105
2.3564 0.0518
1.0555 0.1278
1.1840 0.0870
0.1233 0.1342
0.8816 0.1172
0.0051 0.1919
2.5655 0.0779
0.3395 0.1338
2.6290 0.0849
0.1334 0.1158
0.3047 0.1254
5.8320 0.0714
0.0130 0.1896
0.3707 0.1299
0.5681 0.1194
0.0327 0.1899
1.3220 0.1067
0.0127 0.1776
0.2787 0.1479
0.0599 0.1416
0.0033 0.2113
5.1252 0.0227
0.6756 0.1260
0.7737 0.1285
0.0793 0.1237
3.7848 0.0878
1.5050 0.1081
0.0143 0.1938
4.7400 0.0625
2.0968 0.1032
0.1736 0.1442
3.2182 0.0625
2.9923 0.1096
2.5837 0.0664
0.0358 0.1666
0.6019 0.1054
0.1827 0.1365
0.4192 0.1313
0.0687 0.1445
0.2140 0.1026
0.8531 0.1185
3.3835 0.0796
0.0432 0.1561
1.7305 0.1041
0.7529 0.1212
2.2058 0.0590
0.0175 0.1889
0.0005 0.2425
0.4240 0.1283
0.2934 0.1357
0.1042 0.1362
1.9648 0.1231
0.3951 0.1245
3.1455 0.0925
0.6365 0.1097
0.1471 0.1620
3.2466 0.0657
0.4915 0.1271
0.0486 0.1808
6.1477 0.1346
0.0262 0.1728
0.4796 0.1206
0.6263 0.1046
0.0033 0.2071
0.1008 0.1573
5.4397 0.0604
0.3493 0.1117
0.0812 0.1663
0.1377 0.1270
0.5754 0.1045
2.4685 0.0820
1.5614 0.0890
0.3406 0.1310
0.0746 0.1451
0.1578 0.1286
0.0505 0.1697
0.0387 0.1660
3.5833 0.0873
0.9819 0.1118
2.3024 0.0764
0.3597 0.1355
4.2449 0.0599
0.3600 0.1289
0.0137 0.1836
0.0084 0.1767
0.9192 0.1168
0.3619 0.1241
0.0125 0.1754
1.7204 0.1002
0.6631 0.1274
5.3407 0.0877
0.6579 0.1236
0.9257 0.0994
0.0059 0.2052
1.7812 0.0906
1.2437 0.0724
0.0314 0.1662
1.7193 0.0679
0.1025 0.1587
0.3258 0.1423
0.1560 0.1331
0.2100 0.1318
0.5641 0.1148
0.0369 0.1762
1.5161 0.0948
0.0017 0.2120
3.3803 0.0844
0.0879 0.1216
0.0044 0.2087
0.0737 0.1716
0.5687 0.1090
0.0315 0.1685
0.0378 0.1629
4.6511 0.0665
1.6198 0.1036
1.2964 0.0836
0.0007 0.2273
0.5849 0.1294
1.0425 0.0683
0.0935 0.1517
1.3082 0.0922
0.1052 0.1452
0.2688 0.1427
0.4288 0.1461
0.5261 0.1167
0.1243 0.1363
0.8103 0.1098
1.4556 0.0852
0.4332 0.1204
0.0521 0.1610
0.9293 0.1021
0.5316 0.1096
2.6798 0.0855
0.0048 0.1934
0.2331 0.1359
0.1803 0.1420
0.0062 0.1956
0.5817 0.1147
0.2326 0.1257
0.0294 0.1529
0.1898 0.1320
0.6582 0.1002
0.9614 0.0919
0.0323 0.1447
0.0187 0.1829
0.6769 0.1113
0.0632 0.1521
0.1053 0.1551
0.1302 0.1478
0.0562 0.1590
0.6494 0.1085
4.5285 0.0710
0.0138 0.1748
2.7823 0.1096
1.2813 0.0775
0.7981 0.0842
1.3730 0.0522
0.5848 0.1430
0.4410 0.1199
0.8349 0.0835
0.0108 0.1779
0.8883 0.1181
0.8102 0.0882
1.8571 0.1030
0.4281 0.1340
0.0020 0.2146
0.1301 0.1518
1.2171 0.0709
1.8257 0.0737
2.8051 0.0678
2.2856 0.0854
0.0081 0.1925
0.5975 0.0679
0.8896 0.1195
4.3040 0.0647
0.2524 0.1332
0.3531 0.1299
0.5955 0.1370
0.0499 0.1560
0.2071 0.1300
2.5878 0.0897
0.4439 0.0873
2.2863 0.1035
0.7180 0.1146
0.3204 0.1420
1.3628 0.0937
1.7455 0.0929
2.9396 0.0702
0.1260 0.1178
0.1841 0.1138
0.1712 0.1390
1.7847 0.1023
0.1952 0.1299
6.4670 0.0669
0.0250 0.1715
2.0526 0.1190
0.0014 0.2172
0.1754 0.1485
0.8807 0.1040
3.8577 0.0770
0.0225 0.1826
0.0384 0.1796
0.8128 0.1142
0.0672 0.1543
2.6272 0.1384
0.1055 0.1362
0.4339 0.1392
0.0219 0.1747
1.0933 0.1077
2.1815 0.0861
0.7068 0.1147
0.1543 0.1281
1.6820 0.0935
0.0142 0.1955
0.7309 0.1325
0.0485 0.1737
1.8138 0.0936
0.0766 0.1705
0.8890 0.0835
1.4656 0.2345
0.2919 0.1444
4.8284 0.0837
0.7718 0.1900
1.3915 0.0929
1.4751 0.1375
0.6970 0.1232
0.4819 0.1010
1.4377 0.1369
0.3556 0.1166
0.1027 0.1623
0.0173 0.1722
0.7924 0.0961
0.0444 0.1685
1.9786 0.1591
0.1570 0.1292
0.3290 0.1315
0.2815 0.1223
1.0670 0.0760
1.5587 0.0844
6.3418 0.0805
0.0149 0.1637
0.6890 0.1273
0.2531 0.1445
0.5065 0.1282
1.2628 0.0939
0.9033 0.1090
0.4801 0.1130
1.7273 0.0846
0.1711 0.1466
0.2462 0.1247
0.4044 0.1119
0.0492 0.1486
0.2438 0.1182
0.1939 0.1501
1.4192 0.0990
0.1119 0.1503
0.6065 0.1120
2.3834 0.0766
0.6935 0.1527
1.8905 0.1101
0.3854 0.1401
3.6939 0.0851
1.1375 0.1177
0.7611 0.1038
0.1788 0.1584
0.1690 0.1470
0.3289 0.1407
0.0063 0.1794
1.2869 0.0646
0.5251 0.1135
1.3860 0.1092
1.3767 0.0775
0.0936 0.1360
0.1736 0.1459
1.0009 0.0991
0.3931 0.1215
3.5269 0.0851
1.7919 0.0758
0.2445 0.1428
1.1470 0.0978
0.8614 0.1075
0.6524 0.1210
0.4421 0.1310
1.0691 0.1082
0.9643 0.1025
0.0291 0.1768
0.1578 0.1547
0.1919 0.1097
0.3069 0.1428
2.0618 0.1106
0.3492 0.1295
0.1038 0.1451
0.3240 0.1213
0.0090 0.1807
1.7644 0.1055
0.1025 0.1461
2.4749 0.0939
3.0222 0.0882
1.2342 0.1561
0.3079 0.1331
0.0136 0.1646
0.2284 0.0970
0.5646 0.2126
1.7058 0.0539
0.1878 0.1284
3.9245 0.0307
1.2320 0.1165
0.1537 0.1482
0.6534 0.1085
0.0563 0.1715
1.2762 0.0929
1.8398 0.1044
1.7451 0.1121
0.2449 0.1275
0.0932 0.1497
0.3316 0.1181
0.6600 0.1232
0.3783 0.3145
0.1312 0.1519
0.0432 0.1518
0.8040 0.0875
1.2665 0.1153
0.8997 0.1039
0.0008 0.2212
0.3576 0.1386
0.3167 0.1390
4.1249 0.1087
1.0691 0.0889
0.5745 0.1015
1.2530 0.1005
0.8342 0.1220
0.1666 0.1366
6.4077 0.0347
1.3890 0.1195
0.0377 0.1718
0.8342 0.1300
1.1083 0.1146
4.5768 0.0937
0.3280 0.1155
1.1905 0.0984
0.0194 0.1752
0.0952 0.1675
0.9478 0.1135
2.0025 0.0862
0.5876 0.0949
0.8080 0.1004
0.0538 0.1743
0.2540 0.1232
5.5958 0.0811
0.0436 0.1578
0.0575 0.1664
0.7909 0.0948
2.5279 0.1131
1.1724 0.0997
0.2256 0.1347
1.1520 0.1142
0.5020 0.1265
0.0002 0.2402
0.1220 0.1430
0.1082 0.1547
0.1323 0.1110
1.7485 0.0982
2.2358 0.1099
0.0791 0.1357
1.8822 0.1039
0.4459 0.1123
0.9021 0.0990
0.0818 0.1578
0.4969 0.1056
2.2520 0.0890
0.2156 0.1481
4.9807 0.0795
1.5312 0.0796
0.0255 0.1767
0.0344 0.1785
0.0384 0.1671
3.8018 0.0996
0.0006 0.2189
0.0738 0.1500
0.7428 0.1018
0.9657 0.1088
0.9653 0.1117
1.1590 0.1040
0.6172 0.1185
3.9532 0.1011
1.9385 0.1141
0.4592 0.0888
0.3473 0.1409
2.2197 0.1136
2.0423 0.0973
0.4877 0.0756
0.1265 0.1280
0.5241 0.1124
0.4191 0.1181
1.3720 0.1075
1.3712 0.1054
0.0010 0.2302
0.9500 0.0894
1.6800 0.0623
0.0022 0.2019
0.0494 0.1510
0.2411 0.1284
0.0302 0.1499
1.8424 0.1037
3.2076 0.0749
0.4454 0.1070
0.1699 0.1520
0.0076 0.1916
1.4961 0.0998
1.0008 0.1123
1.1193 0.0973
0.2191 0.1355
0.6285 0.1214
0.2230 0.1364
0.9931 0.1188
0.0462 0.1676
1.5442 0.1688
0.1746 0.1256
0.0000 0.2817
2.3757 0.1038
0.0290 0.1734
1.0919 0.0902
0.8786 0.1000
0.2087 0.1735
1.2691 0.0935
0.0928 0.1410
0.9145 0.1315
0.4915 0.1152
0.2628 0.1505
2.5221 0.0463
0.4682 0.1156
0.0432 0.1520
2.3424 0.1158
2.7969 0.0614
0.1394 0.1417
0.2057 0.1416
0.6224 0.1108
1.0433 0.2349
1.3676 0.0882
0.2287 0.1513
1.9946 0.0812
0.5527 0.1213
4.1687 0.0743
0.7849 0.1230
0.0360 0.1819
0.7110 0.1107
1.0008 0.0826
0.3210 0.1346
0.0817 0.1475
0.0023 0.2003
0.8218 0.1225
0.4667 0.1280
0.3344 0.1368
1.9403 0.1055
2.1998 0.0994
0.0483 0.1643
3.0513 0.1240
1.4320 0.1016
0.3954 0.1305
0.7271 0.1098
0.3746 0.1111
0.0532 0.1682
0.3305 0.1441
0.9427 0.0566
0.2365 0.1231
1.2781 0.1110
0.2840 0.1261
0.0107 0.1659
2.0022 0.0945
0.0619 0.1539
1.0600 0.0996
0.9523 0.1130
4.9196 0.0685
0.2191 0.1529
0.7420 0.0927
0.9967 0.1132
0.2624 0.1254
2.1612 0.0832
0.6233 0.1087
1.5418 0.0550
0.3549 0.1217
0.0067 0.1978
2.1096 0.0660
1.5297 0.0974
0.7251 0.1030
1.2134 0.0887
0.0644 0.1612
0.0106 0.2071
0.3781 0.1269
0.1442 0.1433
2.3465 0.1506
1.1239 0.1401
0.0052 0.1988
0.4169 0.0950
1.5388 0.1130
0.0410 0.1726
0.1373 0.1584
0.0132 0.1868
1.6708 0.0625
2.2412 0.0772
1.8390 0.1268
3.1573 0.0992
0.7715 0.1213
0.0749 0.1431
1.6930 0.0915
0.6856 0.1207
0.2999 0.1196
0.3628 0.1046
2.1623 0.2461
0.0025 0.2081
1.1168 0.1031
0.8768 0.0864
0.0172 0.1945
0.2169 0.1114
3.1179 0.0959
0.2178 0.1360
0.0894 0.1374
1.8888 0.0599
3.5032 0.0728
1.2295 0.1126
0.4372 0.1336
0.1903 0.1291
0.0333 0.1785
1.7245 0.1058
0.5038 0.1116
4.6167 0.0452
0.3057 0.1285
1.0875 0.1201
1.2270 0.0796
0.0775 0.1610
0.7345 0.1158
0.1976 0.1411
0.3151 0.1361
0.0876 0.1420
1.0217 0.1085
0.6260 0.1079
0.0067 0.1853
0.1851 0.1549
0.6407 0.1106
0.5634 0.1270
0.4018 0.1212
0.0441 0.1671
1.5586 0.0867
2.3051 0.0569
0.5191 0.1134
0.2802 0.1061
0.0689 0.1593
0.0530 0.1451
2.5936 0.1239
0.2243 0.1259
0.6083 0.1218
1.6016 0.1390
0.0854 0.1354
2.2558 0.0972
0.6940 0.1161
0.0581 0.1482
1.6194 0.1119
0.1345 0.1520
0.7027 0.1269
0.7656 0.1260
5.4951 0.0803
0.0009 0.2277
0.5158 0.1114
2.8016 0.0606
0.6608 0.0919
0.6934 0.1054
0.0307 0.1558
0.3973 0.1386
0.0709 0.1575
8.9090 0.2119
0.3148 0.1275
0.5384 0.1175
0.0104 0.2013
3.5429 0.1127
0.7725 0.1212
0.0511 0.1493
2.4591 0.0846
0.2033 0.1303
0.1485 0.1413
0.2616 0.1283
0.0067 0.1998
0.5399 0.1415
2.7122 0.0921
0.1347 0.1747
4.7898 0.2881
2.3054 0.1406
2.9917 0.0548
0.0403 0.1794
1.9033 0.1193
0.4380 0.1452
1.3821 0.1158
0.0604 0.1696
2.4873 0.0541
0.0479 0.1734
0.7771 0.0644
0.0006 0.2300
0.4541 0.1271
0.5274 0.1000
0.0226 0.1828
0.1959 0.1484
0.1411 0.1787
1.3072 0.0895
3.7594 0.0789
1.3741 0.1102
0.4245 0.1216
0.1339 0.1465
0.4948 0.1141
0.8832 0.0632
1.9208 0.0738
0.5471 0.1224
0.1150 0.1328
0.5296 0.1038
0.0213 0.1705
0.7450 0.1206
4.2627 0.0949
1.1940 0.1058
0.0060 0.1839
1.7112 0.0930
1.0685 0.1263
0.1013 0.1430
2.7307 0.1237
1.1749 0.1003
0.3906 0.1066
0.7591 0.1071
0.0601 0.1642
0.3748 0.1294
1.4540 0.1012
0.4595 0.1306
0.0047 0.2017
0.2431 0.1471
1.5491 0.0957
0.8524 0.0891
0.7647 0.1356
2.3680 0.0859
0.6016 0.1135
0.3434 0.1232
0.7792 0.0960
0.1471 0.1575
0.0140 0.1815
2.1015 0.1019
0.4113 0.1212
0.0870 0.1429
0.0047 0.1967
0.0593 0.1327
0.3968 0.1386
0.4500 0.1028
1.0819 0.1332
0.0038 0.1935
0.5716 0.1027
0.1234 0.1533
1.1007 0.1201
0.3412 0.1327
6.1079 0.0270
2.4666 0.0727
0.0152 0.1897
1.5627 0.1173
1.3914 0.1084
0.0242 0.1810
1.6309 0.1768
0.0323 0.1840
0.1965 0.1354
0.0987 0.1638
0.8424 0.1081
0.1485 0.1210
1.4546 0.0232
0.2150 0.1114
1.9662 0.0763
0.5860 0.1139
1.7593 0.0848
0.7975 0.0908
0.3825 0.1230
0.0584 0.1405
0.0245 0.2035
0.8274 0.0825
0.3247 0.1095
0.0105 0.1758
0.2094 0.1471
0.0479 0.1728
0.3465 0.0828
5.2831 0.0765
3.0820 0.0271
0.6801 0.1209
1.7511 0.0580
0.0005 0.2273
1.0909 0.0553
1.4283 0.0819
3.4693 0.0897
4.3970 0.0494
0.2521 0.1250
1.0320 0.0911
1.7109 0.1176
0.2016 0.1347
2.1972 0.0573
0.0604 0.1603
0.4147 0.1394
0.3117 0.1270
1.2783 0.1217
0.1835 0.1574
0.9816 0.0743
0.0827 0.1311
0.1321 0.1401
1.8679 0.1014
0.2141 0.1336
1.1763 0.1257
2.3232 0.1076
1.8475 0.0844
0.0275 0.1754
1.0591 0.0964
0.5928 0.1230
0.2140 0.1547
0.2658 0.1165
0.8638 0.1116
0.1162 0.1282
1.0499 0.0887
0.0519 0.1796
0.4058 0.1373
0.3010 0.1409
2.6649 0.0751
0.5394 0.1469
1.4225 0.0768
0.0070 0.1960
0.0096 0.1832
0.3508 0.1288
0.3063 0.1328
0.5548 0.1168
0.3238 0.1049
0.5379 0.1879
0.7926 0.1074
1.4325 0.0506
0.6017 0.1132
0.0862 0.1354
0.8987 0.1068
2.5482 0.0966
0.1837 0.1361
0.2669 0.1402
0.0622 0.1636
0.2583 0.1431
0.0385 0.1727
0.0227 0.1884
1.3700 0.0955
0.4320 0.1314
2.9967 0.0630
2.2141 0.0535
0.3338 0.1636
0.2697 0.1331
0.0552 0.1515
0.0909 0.1502
0.2979 0.1273
1.1033 0.0862
0.4688 0.1279
0.3040 0.0965
0.3981 0.1171
3.7125 0.1903
0.9184 0.1216
0.3188 0.1199
0.1136 0.1336
0.1456 0.1446
2.6624 0.0854
0.9533 0.1385
0.0586 0.1414
0.3310 0.1035
1.1405 0.0751
0.2821 0.1303
3.1221 0.0662
0.6862 0.1045
0.1171 0.1249
0.0784 0.1609
1.2404 0.1484
0.4768 0.1302
0.1583 0.1412
0.0591 0.1607
2.0800 0.0700
0.0072 0.1912
0.4374 0.1134
0.8289 0.0770
0.1840 0.1439
0.3665 0.1400
0.6447 0.1015
2.6729 0.0696
0.0421 0.1563
1.1740 0.1041
0.8706 0.0770
2.4881 0.0896
0.2095 0.1350
0.0935 0.1603
1.0497 0.0586
0.7442 0.1053
0.1063 0.1458
1.7561 0.1097
0.0043 0.2071
0.8130 0.1049
0.4478 0.1026
2.0544 0.0712
0.0035 0.2001
0.3998 0.1359
0.0149 0.1797
0.1846 0.1499
0.9770 0.1003
0.5709 0.1279
3.6107 0.0787
0.6882 0.1435
4.6825 0.0530
0.2127 0.1470
0.4371 0.0891
0.8341 0.0953
0.0755 0.1393
0.0397 0.1642
3.5721 0.0770
0.4245 0.1112
0.0126 0.1993
1.8758 0.1033
0.0943 0.1303
0.2514 0.1186
2.3803 0.1171
2.2357 0.0780
0.4098 0.1045
1.2662 0.1621
1.3598 0.1190
0.2999 0.1393
0.2267 0.1203
0.2369 0.1353
0.4911 0.0987
0.6274 0.1056
0.4220 0.1532
1.8641 0.1057
0.6483 0.1259
0.9262 0.1103
0.5288 0.1134
3.1772 0.0429
0.4697 0.1075
0.0799 0.1595
1.2663 0.0652
0.0756 0.1421
1.0245 0.0857
0.1708 0.1286
0.2595 0.1614
1.2948 0.0520
0.1806 0.1372
0.5505 0.1258
0.1463 0.1549
4.6392 0.0896
0.6062 0.1245
0.1980 0.1439
0.8973 0.0984
1.2509 0.0913
0.1214 0.1332
0.2547 0.1419
0.3332 0.1467
0.0731 0.1581
0.9903 0.1002
0.3265 0.1287
1.6052 0.0981
0.1970 0.1467
0.0159 0.1905
0.0153 0.1987
0.0011 0.2144
0.0238 0.1840
2.1297 0.0932
0.0027 0.2042
1.3658 0.0814
0.3584 0.1502
0.6308 0.1052
1.3625 0.0863
0.2116 0.1307
0.1784 0.1309
0.0582 0.1631
0.6833 0.1255
1.8552 0.0927
2.7313 0.0711
0.1166 0.1580
1.4852 0.1287
0.2052 0.1357
0.1009 0.1356
1.3335 0.1305
0.9193 0.1091
0.3621 0.1326
0.7174 0.1225
1.1472 0.1068
4.0546 0.0570
7.0467 0.0515
1.0570 0.1154
0.5733 0.1203
1.4019 0.1211
0.6860 0.1077
0.1832 0.1344
3.1906 0.0685
0.6454 0.1010
1.4759 0.1100
0.1606 0.1162
0.0446 0.1847
0.0041 0.2027
0.1809 0.1266
0.1562 0.1543
1.5884 0.0840
0.9023 0.1101
0.1345 0.1328
0.5142 0.1303
0.7914 0.1120
0.0663 0.1614
2.0956 0.0892
0.0792 0.1385
1.1351 0.2582
0.9709 0.0853
0.2494 0.1206
0.1567 0.1536
0.1638 0.1458
0.1081 0.1417
0.2698 0.1311
0.0171 0.1823
0.2510 0.1057
1.8282 0.0843
1.5415 0.0755
0.0935 0.2140
2.0191 0.0900
0.5336 0.1153
0.1821 0.1404
0.3827 0.1199
0.5274 0.1122
1.1011 0.0814
1.8745 0.0842
1.2754 0.0600
2.3126 0.1117
0.0927 0.1531
0.7144 0.1022
0.4652 0.0901
0.1570 0.1405
3.0226 0.0975
2.7043 0.0762
2.2400 0.0935
0.0530 0.1539
3.0085 0.0887
0.0146 0.1688
0.0994 0.1418
0.0189 0.1846
0.0144 0.1892
0.1573 0.1451
0.0136 0.1775
0.0682 0.1365
1.0181 0.0526
0.2754 0.1415
0.8732 0.1021
0.5368 0.1186
0.8009 0.0876
0.0904 0.1471
1.6110 0.1076
0.0131 0.1770
0.5503 0.1065
2.5100 0.1001
0.7869 0.1264
0.0482 0.1643
0.5046 0.1338
0.0129 0.1855
1.0044 0.0980
0.5144 0.0896
0.0758 0.1609
1.4119 0.1113
1.0499 0.1117
0.0507 0.1503
0.2112 0.1457
1.2021 0.0858
1.6514 0.1193
0.0014 0.2172
0.4601 0.1279
2.4279 0.0798
0.4537 0.1177
0.2673 0.1431
0.1197 0.1652
0.1614 0.1402
1.5355 0.1061
0.4695 0.1266
0.4477 0.1216
0.4588 0.1109
0.5695 0.1328
0.0068 0.2047
0.1656 0.1545
0.2614 0.1410
0.1867 0.1452
0.6603 0.1275
3.8603 0.1182
0.3343 0.0965
4.6744 0.0495
1.8900 0.1286
0.2134 0.1531
0.5620 0.1177
0.4150 0.1155
2.8788 0.0828
0.1016 0.1396
0.0084 0.1837
0.2197 0.1327
1.1254 0.1152
0.1701 0.1362
0.0440 0.1734
0.5534 0.1558
0.0019 0.2004
0.0074 0.1871
0.3892 0.1203
0.2159 0.1329
2.4605 0.1059
0.4137 0.1252
0.4321 0.0963
0.0126 0.1820
0.0293 0.1574
1.4051 0.0971
0.0473 0.1614
0.5255 0.1254
1.1265 0.0974
1.5072 0.1615
1.5349 0.1117
1.7527 0.0937
0.1757 0.1573
5.1015 0.0530
0.0158 0.1605
0.7359 0.1112
0.6238 0.1158
0.4563 0.1324
5.7280 0.0350
0.0074 0.1857
0.2600 0.1361
0.5302 0.1155
0.0402 0.1739
0.0803 0.1506
6.1487 0.2348
0.0804 0.1257
0.4653 0.1378
4.6482 0.0795
0.3876 0.1120
0.3044 0.1450
1.2998 0.1014
0.0247 0.1757
1.6379 0.0941
3.0395 0.1028
0.9084 0.0961
0.1355 0.1613
2.6815 0.0832
6.1247 0.0425
0.3506 0.1302
0.0811 0.1514
1.1591 0.0553
0.1097 0.1489
0.1726 0.1545
0.7001 0.0880
0.5323 0.0974
1.2661 0.1058
0.7582 0.1077
0.5679 0.1135
0.0163 0.1746
2.4186 0.0559
1.4514 0.0859
3.3663 0.0503
0.0110 0.1777
0.6481 0.1158
0.4269 0.0995
0.7582 0.1146
0.0193 0.1829
0.0005 0.2234
0.0406 0.1676
1.6175 0.1210
3.0400 0.0838
0.5494 0.0945
0.0574 0.1602
0.2441 0.1479
0.0010 0.2240
0.5325 0.1281
0.8053 0.0980
2.0665 0.1012
0.2056 0.1294
0.1630 0.1542
1.2266 0.1137
0.7022 0.1138
1.3258 0.1031
0.2023 0.1408
0.3429 0.1547
0.3862 0.1352
1.7242 0.1068
0.4445 0.1270
0.0738 0.1613
0.1223 0.1290
0.0234 0.1713
0.0007 0.2247
0.0045 0.1909
1.9808 0.0935
0.2453 0.1290
0.8320 0.1101
0.0729 0.1524
4.6772 0.0336
0.0074 0.1902
1.2661 0.1056
9.3126 0.5155
2.3344 0.1068
2.3394 0.0592
0.5998 0.1055
0.0575 0.1579
0.0060 0.1941
0.0443 0.1693
0.2941 0.0941
0.8688 0.1022
0.3406 0.1265
0.9052 0.0887
0.1746 0.1556
0.4313 0.1118
0.1757 0.1436
1.0595 0.1110
0.0023 0.2030
1.2024 0.1122
0.5772 0.0960
0.2159 0.1233
0.0423 0.1528
1.0165 0.0768
1.0139 0.1081
0.3281 0.1443
1.4359 0.0791
0.9206 0.0877
0.2040 0.1086
1.3938 0.1071
0.3198 0.1350
0.0977 0.1591
0.9483 0.1186
0.5842 0.1234
0.9947 0.1114
0.1924 0.1507
4.8515 0.0681
4.0374 0.0643
0.1217 0.1410
0.0623 0.1710
0.2289 0.1261
1.1516 0.0941
0.2771 0.1288
0.0485 0.1606
0.0198 0.1760
1.4726 0.1062
0.1664 0.1437
0.2525 0.1291
0.0048 0.2040
1.9466 0.0875
0.7472 0.1281
1.6546 0.0976
1.0219 0.1028
0.0129 0.1757
1.6718 0.1222
2.1463 0.1043
0.6132 0.1074
3.1351 0.0872
0.2958 0.1161
2.2932 0.1020
0.0070 0.1902
5.9441 0.0248
1.0245 0.1208
0.6765 0.1372
1.2072 0.1039
0.2594 0.1271
2.4208 0.0876
0.5768 0.1098
1.5561 0.0980
0.0020 0.2010
0.0850 0.1436
0.2886 0.1017
0.6977 0.1194
0.6427 0.1294
1.7448 0.1170
0.7947 0.1180
1.4921 0.1138
2.1840 0.0784
2.5948 0.0580
2.2167 0.0489
4.7545 0.0742
1.1864 0.0736
0.1977 0.1231
0.4932 0.1351
0.0308 0.1869
0.5544 0.1172
0.0061 0.2013
2.0379 0.0885
0.8355 0.1218
0.0721 0.1472
0.5077 0.1294
3.5529 0.1636
0.0298 0.1793
0.7565 0.1145
0.0650 0.1465
4.3636 0.1382
0.0703 0.1663
6.5802 0.0796
0.0767 0.1446
2.5353 0.1040
1.4673 0.1100
0.3470 0.1426
2.3805 0.1106
1.4658 0.1128
0.3031 0.1371
0.2110 0.1266
0.0037 0.1892
0.6801 0.1054
3.4781 0.0827
0.0722 0.1547
0.7490 0.1182
0.7542 0.1366
1.2234 0.1081
0.1649 0.1070
0.0057 0.1991
0.1162 0.1620
1.3921 0.0930
0.0327 0.1756
0.0059 0.1863
0.7336 0.0999
0.0035 0.2048
0.7309 0.0828
0.0026 0.2196
1.5133 0.0746
0.4330 0.1142
0.0141 0.1821
0.5062 0.1053
0.1805 0.1598
0.0019 0.2256
0.8483 0.1218
1.1834 0.0775
0.0732 0.1527
2.2696 0.0741
1.6944 0.1389
0.4554 0.1394
0.0537 0.1623
0.1866 0.1166
0.7636 0.1109
0.5981 0.1138
0.2598 0.1367
1.8291 0.0696
0.0102 0.1954
1.4436 0.1072
0.1686 0.1310
0.2084 0.1388
0.0271 0.1795
1.4157 0.1194
3.1503 0.0948
0.0029 0.2021
0.5175 0.1296
1.4589 0.0994
0.0993 0.1434
0.0277 0.1956
0.3601 0.1302
0.9410 0.1324
1.1008 0.1222
0.4032 0.1232
1.2834 0.0991
0.4939 0.1266
0.0058 0.1950
2.5638 0.1050
1.0906 0.1230
0.4662 0.1264
0.2626 0.1356
0.6220 0.1356
0.8260 0.1269
0.2015 0.1303
1.1600 0.0717
1.7661 0.0948
3.1157 0.0733
0.0435 0.1544
0.0324 0.1762
0.0187 0.1776
0.2095 0.1132
0.5640 0.1061
5.2220 0.0653
2.7669 0.0519
0.7385 0.0909
0.5617 0.1349
0.5698 0.1352
0.0208 0.1576
8.9245 0.0500
1.7544 0.1096
0.0132 0.1703
0.0199 0.1854
0.0032 0.2090
1.9786 0.0681
0.3017 0.1457
0.3622 0.1252
2.4112 0.0948
0.8618 0.0871
2.6967 0.0908
0.9174 0.1110
4.0121 0.0937
3.3965 0.0748
0.5173 0.1105
0.0567 0.1316
0.0047 0.1901
0.2189 0.1336
0.2223 0.1401
0.6935 0.1127
0.7751 0.1034
0.0111 0.1769
4.1871 0.0769
0.3998 0.1063
0.0059 0.1998
0.0451 0.1686
0.2687 0.1301
0.3356 0.1474
3.6609 0.0772
0.0577 0.1624
1.9047 0.0929
0.0903 0.1693
0.1861 0.1459
4.5863 0.0963
4.5712 0.0800
0.7046 0.1351
0.3806 0.1270
0.2493 0.1424
3.4564 0.1160
0.2458 0.1388
4.2875 0.0490
0.1346 0.1271
0.2035 0.1384
3.1577 0.0618
0.5615 0.1281
0.1312 0.1576
2.7281 0.0920
2.3519 0.0928
1.9102 0.0985
1.3794 0.0750
0.6928 0.1141
0.2399 0.1152
0.2829 0.1112
0.3729 0.1320
3.6481 0.0222
0.5638 0.0991
0.6256 0.1249
3.8762 0.0814
0.0145 0.1767
0.3529 0.1245
1.5444 0.0900
1.9548 0.0783
2.3461 0.1032
0.0064 0.1820
0.3847 0.1168
0.4844 0.1331
0.0642 0.1641
0.1423 0.1603
2.2398 0.0552
0.4474 0.1263
0.6991 0.1053
2.5275 0.0953
2.2403 0.0930
0.1688 0.1470
0.0796 0.1573
0.6388 0.1222
0.1400 0.1315
2.5206 0.1229
0.1573 0.1416
0.0067 0.2054
1.2097 0.1117
0.1669 0.1481
0.3693 0.1237
0.4409 0.1331
0.7050 0.1067
1.3101 0.0833
2.3481 0.0676
0.7040 0.1252
1.7068 0.1071
0.3689 0.1363
5.2776 0.0316
1.3706 0.1161
0.6409 0.1030
4.3939 0.0825
0.3698 0.1226
0.0949 0.1468
0.7477 0.1147
0.2262 0.1504
0.0789 0.1513
1.5102 0.0986
0.0399 0.1728
0.0001 0.2505
1.0546 0.0942
0.7687 0.1146
0.1006 0.1590
0.0571 0.1406
1.0306 0.1051
3.5570 0.0920
1.0051 0.1213
0.1306 0.1277
1.1194 0.0843
0.0748 0.1539
1.0244 0.0629
3.4021 0.0559
0.9115 0.1158
2.3500 0.0901
0.5369 0.0865
0.6328 0.0968
1.1525 0.1147
0.0543 0.1588
0.4360 0.1338
1.0787 0.1007
0.0107 0.1853
1.0669 0.1053
0.0408 0.1679
0.4065 0.1267
1.0411 0.0902
0.2979 0.1462
0.2792 0.1516
1.7215 0.1018
1.0626 0.0857
0.0597 0.1709
0.8429 0.1162
5.6200 0.0462
0.8935 0.0825
0.5399 0.1280
0.1565 0.1250
2.6793 0.0713
0.0005 0.2273
0.3825 0.1181
0.6549 0.1222
2.0188 0.0968
0.3731 0.1224
2.0407 0.0879
0.0999 0.1281
0.1393 0.1466
2.0956 0.0861
0.0740 0.1577
0.1369 0.1397
1.1208 0.1090
1.0642 0.1185
1.1322 0.1162
2.9069 0.0818
0.9116 0.1031
1.5468 0.0923
0.4680 0.1258
0.0798 0.1570
0.2231 0.1361
1.8173 0.0720
0.2922 0.1443
0.2669 0.1429
0.0839 0.1641
0.3177 0.1194
2.8916 0.0807
1.6683 0.1053
0.2959 0.1302
1.1606 0.1034
0.2103 0.1355
4.7342 0.0515
0.4499 0.0986
1.7459 0.1036
0.7203 0.0750
0.2421 0.1128
0.9916 0.1136
2.0432 0.0877
6.6664 0.0691
0.0548 0.1598
0.4277 0.1047
0.4818 0.1038
0.4141 0.1253
2.8792 0.0567
1.0108 0.1146
0.1804 0.1561
0.0220 0.1747
0.2054 0.1402
2.5555 0.1001
0.4622 0.1346
0.0191 0.1836
2.2865 0.1118
2.2905 0.0621
0.5802 0.1276
1.1454 0.1113
1.6342 0.1109
0.4861 0.1013
0.6246 0.1180
1.9150 0.0646
0.6292 0.1039
0.9979 0.1193
0.1154 0.1605
3.9626 0.0842
2.3154 0.0801
3.1341 0.0887
0.8823 0.1191
4.2541 0.1085
1.0453 0.1167
0.0386 0.1684
0.0630 0.1377
0.1296 0.1486
2.1503 0.0885
2.8003 0.0741
0.1135 0.1378
1.9185 0.0743
0.2132 0.1578
1.9728 0.0944
0.0528 0.1601
0.9786 0.1144
0.9653 0.1136
4.0978 0.0895
0.1954 0.1553
0.5181 0.1062
1.0603 0.1125
0.0959 0.1483
2.0432 0.0973
1.4057 0.0897
0.9426 0.1372
3.6522 0.0898
0.1555 0.1578
0.0443 0.1842
0.0414 0.1713
1.5934 0.0959
0.8043 0.1300
1.5314 0.0934
2.4575 0.1097
2.5112 0.0952
3.7515 0.1420
0.8781 0.1130
0.4735 0.1252
1.6513 0.0895
2.4453 0.0975
0.3566 0.1201
4.3646 0.1098
0.9650 0.1106
1.4630 0.0955
2.7951 0.0892
0.7704 0.0910
0.2192 0.1382
0.5557 0.1220
0.4340 0.1240
2.1752 0.0882
0.1963 0.1436
1.6631 0.1098
0.0160 0.1897
0.4874 0.1301
0.6749 0.1116
0.3127 0.1281
0.7457 0.1133
1.1384 0.1227
1.5669 0.1083
1.1000 0.1291
0.3124 0.1241
1.7952 0.0984
0.9416 0.1106
0.0667 0.1532
0.2647 0.1363
3.7591 0.0646
0.4988 0.1164
0.4480 0.1230
0.1327 0.1338
1.2466 0.0801
0.0119 0.1878
0.0004 0.2420
0.1799 0.1150
5.3408 0.0443
0.4577 0.0957
0.1268 0.1556
0.3290 0.1414
0.0060 0.1907
0.4711 0.1154
0.5643 0.1098
0.1011 0.1680
0.4466 0.1148
0.0002 0.2329
0.3880 0.1331
0.1945 0.1606
1.4092 0.0939
0.9299 0.1139
0.7469 0.1069
0.0264 0.1783
1.2599 0.0875
0.0004 0.2263
0.2454 0.1384
0.9129 0.1015
0.0704 0.1514
5.0223 0.0792
0.8072 0.1620
1.0754 0.0863
6.5234 0.0575
0.0663 0.1540
0.0279 0.1536
0.3452 0.1038
2.2929 0.0658
0.5273 0.1152
3.5752 0.0754
3.0607 0.0617
0.7711 0.1076
1.5503 0.0977
3.9471 0.0679
0.0039 0.2034
0.0831 0.1462
0.3431 0.1452
0.8153 0.1198
0.2551 0.1232
0.0129 0.1757
0.8772 0.0989
1.1680 0.1066
0.8945 0.0831
0.2393 0.1269
0.0427 0.1580
0.0102 0.1985
0.8522 0.0843
0.2568 0.1404
0.0027 0.2093
0.0248 0.1771
1.7130 0.0895
1.5065 0.0743
1.5238 0.0776
2.9620 0.0787
1.9810 0.0823
0.5831 0.1343
0.5557 0.1203
1.3980 0.0916
0.0101 0.1890
0.1942 0.1404
0.0832 0.1393
0.0007 0.2196
0.7221 0.1413
0.0146 0.1832
0.2235 0.1309
0.7662 0.0804
0.5778 0.1460
0.0014 0.2190
1.0084 0.0846
0.9574 0.0610
0.3259 0.1182
0.4129 0.1212
0.4610 0.1180
0.6294 0.1141
0.0318 0.1660
0.8279 0.1302
2.9921 0.0871
1.6530 0.0837
0.0043 0.2110
0.2428 0.1368
0.0082 0.1988
0.7236 0.1075
1.6711 0.1022
1.1250 0.0579
1.5602 0.1155
0.0973 0.1520
0.4322 0.1350
0.1446 0.1167
3.9513 0.1320
0.3591 0.1167
1.5800 0.0868
1.3477 0.0968
0.1897 0.1300
2.8137 0.0987
0.0736 0.1416
0.3682 0.1116
0.0140 0.1723
0.3139 0.1067
0.0107 0.1995
2.1134 0.0900
0.9478 0.1225
1.9287 0.1031
0.0577 0.1701
1.4499 0.1057
0.5559 0.1191
0.5609 0.1082
0.1889 0.1376
0.7039 0.1051
2.8665 0.1240
4.8423 0.0666
0.0711 0.1446
0.1268 0.1457
0.0079 0.1888
0.5245 0.1277
0.8363 0.1041
0.1670 0.1466
0.0387 0.1505
0.7351 0.0615
0.4482 0.1125
2.9600 0.0700
0.0929 0.1612
0.0027 0.2024
0.1766 0.1386
1.2240 0.0788
0.0753 0.1419
0.0005 0.2325
1.1994 0.0799
0.1752 0.1569
0.5558 0.1243
0.3043 0.1280
0.0001 0.2394
1.5455 0.0947
1.4044 0.1026
0.2099 0.1333
0.1343 0.1474
0.0257 0.1727
0.0477 0.1782
0.6440 0.1000
0.0528 0.1697
0.8430 0.1244
0.9937 0.0989
0.3172 0.1163
0.4252 0.1270
2.3243 0.1120
0.0068 0.2093
0.7242 0.1153
0.1394 0.1558
5.1283 0.0349
0.0068 0.1870
1.3340 0.0394
3.5534 0.1088
0.3128 0.1091
0.2743 0.1385
0.1961 0.1326
0.2949 0.1516
1.1183 0.1136
0.0076 0.1882
0.0082 0.1986
1.2553 0.0916
0.5900 0.0996
0.1228 0.1421
0.0008 0.2164
0.0740 0.1499
0.1753 0.1227
4.0283 0.4829
0.4046 0.1234
1.3926 0.0916
0.1201 0.1225
0.8475 0.0400
0.1257 0.1358
0.8094 0.1143
1.2288 0.1025
1.4963 0.1104
7.3776 0.2769
0.7018 0.1228
0.0069 0.1881
0.3867 0.1134
0.7545 0.1199
2.1296 0.0796
0.1682 0.1180
1.3446 0.1132
0.9428 0.0988
0.2600 0.0970
0.1989 0.1510
0.2828 0.1338
0.0177 0.1868
0.1318 0.1476
0.2465 0.1334
4.7654 0.0314
0.1988 0.1414
1.2963 0.1207
2.4752 0.0850
2.2514 0.0997
0.5731 0.1538
2.2035 0.0946
0.1400 0.1416
3.9648 0.0927
0.5462 0.1269
2.6132 0.0967
2.5465 0.0776
0.0172 0.1801
0.2844 0.1275
1.0311 0.1029
3.2345 0.0628
0.0318 0.1751
0.5159 0.1237
2.4180 0.0792
1.1079 0.1180
0.1997 0.1486
0.1742 0.1387
0.7877 0.1022
7.1238 0.1028
0.0150 0.1748
0.0001 0.2435
2.7191 0.0919
0.2213 0.1453
1.3261 0.1171
0.7709 0.1188
0.0195 0.1936
0.0256 0.1900
1.3941 0.1020
0.5875 0.1299
1.6125 0.0866
1.4707 0.0712
0.2240 0.1412
0.2198 0.1269
0.0485 0.1590
2.8719 0.0719
1.1811 0.0624
0.5025 0.1292
0.0939 0.1391
0.0074 0.1784
0.2309 0.1444
0.1761 0.1335
0.0337 0.1643
0.2837 0.1371
0.5588 0.0987
0.1074 0.1646
0.2590 0.1305
1.1446 0.0743
0.2600 0.1402
3.6881 0.0627
0.0029 0.2003
0.2467 0.1492
0.0250 0.1861
0.0758 0.1598
0.6531 0.0922
0.4702 0.1346
0.0932 0.1291
0.0031 0.2065
0.1427 0.1629
0.9216 0.1258
0.5626 0.1328
2.5009 0.0521
0.2120 0.1414
0.3256 0.1353
0.0777 0.1472
0.7677 0.1031
0.3095 0.1267
0.0905 0.1515
0.5801 0.1310
0.0184 0.1663
0.7299 0.1333
0.0948 0.1519
0.0229 0.1830
1.0438 0.1160
3.0021 0.1228
0.2923 0.1442
0.2629 0.1098
0.3954 0.1215
2.1363 0.1535
0.1751 0.1576
0.5271 0.1275
2.5703 0.0845
1.5734 0.1002
2.0792 0.0943
0.5286 0.1222
1.2632 0.0820
1.0886 0.1089
0.7872 0.0984
0.7795 0.0949
0.0669 0.1598
0.4868 0.1409
1.8408 0.1112
1.6829 0.0899
3.8835 0.1267
1.6211 0.0736
2.1481 0.0949
7.5965 0.1116
1.4644 0.1107
0.4329 0.0832
0.0010 0.2319
0.7790 0.1306
1.7164 0.1170
0.2800 0.1309
0.0580 0.1675
0.4189 0.1095
0.8109 0.1210
0.6947 0.1153
6.6114 0.0925
0.0668 0.1552
0.0054 0.1862
2.5550 0.1253
0.4167 0.1368
0.0065 0.1913
0.7512 0.0961
0.0033 0.2031
1.3086 0.0870
0.3262 0.1269
0.5736 0.1338
2.9595 0.0756
2.9471 0.0749
0.3046 0.1428
1.5861 0.0857
0.2288 0.1456
0.2425 0.1278
0.1457 0.1496
3.5753 0.0729
2.0196 0.1237
3.3570 0.0502
1.6156 0.1041
0.0011 0.2164
1.0681 0.1150
5.7149 0.0595
0.2458 0.1422
0.4211 0.1142
0.0653 0.1777
1.6997 0.1069
0.1110 0.1431
0.9753 0.1013
0.0547 0.1703
1.2387 0.0450
0.9836 0.0901
0.5855 0.1299
1.2038 0.0824
3.4423 0.0928
3.3484 0.0581
1.7829 0.1148
0.0007 0.2176
1.2117 0.0984
4.5814 0.1165
2.0278 0.1084
0.8939 0.1113
0.0041 0.2011
0.9799 0.1167
0.8753 0.1019
0.2140 0.1516
3.2803 0.0420
1.2807 0.0948
1.6395 0.1207
0.9944 0.1251
0.1344 0.1513
0.6027 0.1145
0.1809 0.1248
1.3671 0.0944
2.4501 0.1062
0.2833 0.1447
3.9557 0.1287
2.1383 0.1084
1.3098 0.0979
1.6533 0.0914
0.0592 0.1565
1.7532 0.0738
0.9535 0.1253
0.4015 0.1239
0.5968 0.0968
0.9860 0.0833
2.7689 0.0864
0.9127 0.1083
0.5253 0.1219
1.0682 0.1176
0.1412 0.1380
0.5779 0.1090
0.0048 0.2011
1.3487 0.0852
1.1783 0.1127
6.5598 0.0702
0.9633 0.0888
0.0004 0.2218
2.3734 0.0790
0.1610 0.1416
0.1497 0.1724
2.8981 0.0646
0.3099 0.1542
0.0306 0.1996
1.4291 0.0888
0.3072 0.1234
0.0101 0.1786
0.0116 0.1766
0.6726 0.0622
0.0131 0.1840
0.4757 0.1143
0.1006 0.1459
4.8481 0.0771
0.0538 0.1664
1.3617 0.1246
0.2379 0.1490
0.7943 0.1137
0.6540 0.1100
0.0582 0.1569
0.4411 0.1282
0.0218 0.1761
0.5436 0.1057
1.1313 0.1318
0.0107 0.1756
0.1661 0.1388
0.1312 0.1336
2.5321 0.0457
0.2631 0.1280
0.6988 0.0978
0.4891 0.1061
0.1073 0.1404
0.8518 0.0514
0.4909 0.1180
0.8714 0.0862
0.0002 0.2439
3.8469 0.0501
0.5630 0.1594
1.3636 0.1103
0.2455 0.2335
0.0559 0.1551
1.2167 0.1062
0.5937 0.0732
0.0072 0.2002
0.0369 0.1637
0.0261 0.1526
0.3028 0.1394
2.7646 0.0826
0.0178 0.1742
0.0115 0.1850
1.4274 0.1181
0.0262 0.1641
0.0201 0.1708
3.6847 0.0943
0.9710 0.0907
1.5238 0.1110
2.5486 0.0556
0.1514 0.1200
0.3037 0.1322
0.5741 0.0976
1.3646 0.1155
0.6594 0.1236
1.7727 0.0655
0.7213 0.1197
0.7595 0.0906
0.2350 0.2274
0.1707 0.1345
0.5155 0.1268
1.3077 0.1054
1.6279 0.0902
1.0767 0.1118
0.9113 0.0917
0.9085 0.1303
6.1668 0.0893
0.0039 0.1864
0.0432 0.1613
2.5715 0.0826
1.5083 0.1235
0.1272 0.1333
0.3736 0.1423
2.4260 0.0675
0.5586 0.1048
1.1667 0.0864
2.0791 0.1287
0.0067 0.1974
0.1645 0.1490
2.7672 0.0826
0.0846 0.1393
0.1723 0.1230
0.2196 0.1150
2.1772 0.0941
0.2689 0.1365
0.0666 0.1573
2.8614 0.1042
0.6371 0.1065
0.4538 0.1161
0.1564 0.1422
5.0395 0.0420
0.4824 0.1027
1.0913 0.0955
1.7023 0.0808
0.0120 0.1835
2.6003 0.1442
0.0346 0.1618
1.1276 0.0854
2.8346 0.0891
0.0184 0.1640
0.0895 0.1601
4.1014 0.0887
1.0590 0.1128
0.5793 0.1243
0.2796 0.1340
1.1249 0.0973
0.1652 0.1670
3.5300 0.1256
0.0236 0.1802
0.1938 0.1340
0.0175 0.1772
1.9615 0.0986
1.1352 0.1248
2.5236 0.0932
0.2093 0.1390
0.3741 0.1392
0.6748 0.1155
2.1519 0.0977
0.7560 0.1375
0.0502 0.1604
0.7652 0.1311
1.0292 0.0723
0.0003 0.2356
2.7654 0.0750
1.0571 0.0978
5.2619 0.1973
1.2530 0.0901
0.3883 0.1020
0.0179 0.1636
0.3629 0.1520
1.9167 0.0581
0.0155 0.1741
0.0023 0.1953
1.3067 0.0986
0.0964 0.1576
0.8207 0.1073
1.5480 0.1169
1.3790 0.1028
0.3516 0.1341
0.5540 0.1356
0.1227 0.1577
0.8021 0.1037
2.1095 0.1032
